Symbol,n_drugs,n_interactions,drug_names,interaction_types,sources,pooled_log2FC,rem_pvalue,rem_padj,Direction,Gene_Family,is_hub,Priority
CYP3A4,894,894,"ECONAZOLE NITRATE; CHEMBL:CHEMBL429095; XANTHOXYLIN; GRISEOFULVIN; EUGENYL BENZOAT; CHEMBL:CHEMBL242385; RUXOLITINIB; BREXPIPRAZOLE; 2,4,6-TRIHYDROXYACETOPHENONE; 3,6-DIMETHOXYFLAVONE; PROPRANOLOL HYDROCHLORIDE; AJMALICINE; 3,7-DIMETHOXYFLAVONE; BENZYL ISOTHIOCYANATE; ONONETIN; LAMOTRIGINE; (+)-EPITAXIFOLIN; SULFAMETHOXAZOLE; PHENYL AMINOSALICYLATE; CHEMBL:CHEMBL530733; ZM336372; ROPIVACAINE; MALATHION; CHEMBL:CHEMBL16751; DESMETHOXYYANGONIN; THIOPENTAL SODIUM; PICOTAMIDE; SB-408124; OMEPRAZOLE; KARANJIN; BITHIONOL; CHEMBL:CHEMBL124267; WHILE OLIVETOL; LETROZOLE; GUAIFENESIN; FLOPROPIONE; CHEMBL:CHEMBL362863; NATEGLINIDE; BETA-TOXICAROL; ALLOPURINOL; SAQUINAVIR; PMX53; TENOFOVIR ALAFENAMIDE; HARMAN; 4,2',4',6'-TETRAHYDROXYCHALCONE; L-741,626; GLIQUIDONE; CHEMBL:CHEMBL242172; TROPISETRON; Y-27632; PHENELZINE; RILMENIDINE HEMIFUMARATE; KAEMPHEROL; ATHRAQUINONES A; SULPIRIDE; CHEMBL:CHEMBL2094549; (S)-ROSCOVITINE; MAPROTILINE; GSK369796; FLUVASTATIN; CHELIDONINE (+); CLENBUTEROL HYDROCHLORIDE; ORSELLINIC ACID, ETHYL ESTER; QUINIDINE; LOVASTATIN; HEXESTROL; AMIDATE; TYRPHOSTIN 47; FELBAMATE; VANDETANIB; 4,4'-THIODIANILINE; TPCK; CHEMBL:CHEMBL453384; UMIFENOVIR; METHYLHOMATROPINE; ZOLPIDEM TARTRATE; RIFAMPIN; CERITINIB; DIPHENHYDRAMINE; MICAFUNGIN; OXYPHENCYCLIMINE HYDROCHLORIDE; ATRANORIN; CHEMBL:CHEMBL1256916; U50488; OKADAIC ACID; (S)-NITRENDIPINE; CODEINE ANHYDROUS; ATAZANAVIR; CLOBENPROPIT; CLONAZEPAM; CHEMBL:CHEMBL29197; MEPHENYTOIN; DARUNAVIR; AMOXICILLIN ANHYDROUS; MICONAZOLE NITRATE; CHEMBL:CHEMBL585045; &ALPHA;-ERGOCRYPTINE; CHLORDANE; RO 04-6790; TRICHOSTATIN A; ITRACONAZOLE; CANAVANINE; ACALABRUTINIB; BENZPHETAMINE; GRAVEOLINE; ARCTIGENIN; BIOCHANIN A; NIACIN; TICLOPIDINE; LENVATINIB; 5,7-DIHYDROXY-4-METHYLCOUMARIN; IBUDILAST; BROMPERIDOL; APIOL; ACETOCHLOR; CISAPRIDE; TESTOSTERONE; PROGUANIL; CYTARABINE; (S)-ALAPROCLATE; CIS-RESVERATROL; TICRYNAFEN; CISATRACURIUM BESYLATE; NAVTEMADLIN; SOBUZOXANE; CURCUMIN; COBICISTAT; (S)-PINACIDIL; CHEMBL:CHEMBL462731; CHEMBL:CHEMBL140220; DIHYDROCAPSAICIN; VILAZODONE HYDROCHLORIDE; OXYMORPHONE; 5-AMINOISOQUINOLINE; PROPAFENONE HYDROCHLORIDE; OXOGLAUCINE; L-694,247; 4'-HYDROXY-FLAVANONE; RILUZOLE; METYRAPONE; ROBUSTIC ACID; CHLORPROMAZINE; EDARAVONE; 3-ISOBUTYL-1-METHYL-7H-XANTHINE; (S)-FLUOXETINE; GLYCINE; CINALUKAST; KENPAULLONE; ZERANOL; FENTHION; PERHEXILINE; CLOPIDOGREL; FIPEXIDE HYDROCHLORIDE; DERRUSNIN; ACETAMINOPHEN; LEUPROLIDE ACETATE; AMITRIPTYLINOXIDE; ZIDOVUDINE; MELPHALAN; IBUPROFEN, SODIUM SALT; FLUOXETINE HYDROCHLORIDE; AMITRIPTYLINE HYDROCHLORIDE; HALOPERIDOL DECANOATE; ARGIPRESSIN; PREDNISONE; TACRINE; CHEMBL:CHEMBL1332182; TOXAPHENE; CHEMBL:CHEMBL221300; NALBUPHINE HYDROCHLORIDE; AG 9; GF109203X; PILOCARPINE NITRATE; FLUCONAZOLE; ALDRIN; FESOTERODINE; DEXTROMETHORPHAN POLISTIREX; DANTROLENE; CHEMBL:CHEMBL1269022; ETHAVERINE HYDROCHLORIDE; DICLOFENAC SODIUM; LY-255283; FENOFIBRATE MICRONIZED; ERIBULIN MESYLATE; AM404; CHEMBL:CHEMBL184074; PROGESTERONE; CHEMBL:CHEMBL538965; (S)-FELODIPINE; SILDENAFIL; SANGUINARINE SULFATE; CLOZAPINE; HYDROXYUREA; (3Z)-N,N-DIMETHYL-2-OXO-3-(4,5,6,7-TETRAHYDRO-1H-INDOL-2-YLMETHYLIDENE)-2,3-DIHYDRO-1H-INDOLE-5-SULFONAMIDE; CHEMBL:CHEMBL484663; 2-MERCAPTOBENZIMIDAZOLE; DERRUSTONE; IPRATROPIUM CATION; PENTAMETHYLQUERCETIN; 2-METHYL GRAMINE; DEQUALINIUM CHLORIDE; ZOLANTIDINE; AZATHIOPRINE; QUETIAPINE FUMARATE; ALAPROCLATE; CAPTAN; HEXACHLOROPHENE; CHEMBL:CHEMBL228132; PRAZOSIN HYDROCHLORIDE; BUTYLATED HYDROXYTOLUENE; RELCOVAPTAN; GLABRANIN; PODOFILOX; SP-600125; OXICONAZOLE; METHOXSALEN; ROTENONE; RALOXIFENE HYDROCHLORIDE; CEFOPERAZONE; N-DESMETHYLCLOZAPINE; CHLORPYRIFOS; ERLOTINIB; RIVAROXABAN; VINBLASTINE; CAULIBUGULONE B; BENFLUOREX HYDROCHLORIDE; PAPAVERINE; FINASTERIDE; VERAPAMIL; KETOCONAZOLE; BRADANICLINE; CHEMBL:CHEMBL1256291; CHLORAMPHENICOL; LY320135; SIBUTRAMINE HYDROCHLORIDE; ACACETIN; DIPHENYLENEIODONIUM; N-AMINOHEXYL-5-CHLORO-1-NAPTHALENESULFONAMIDE HYDROCHLORIDE; VISNAGIN; ORSELLINIC ACID; EFAVIRENZ; CLOPERASTINE HYDROCLORIDE; MEFENAMIC ACID; 12-HYDROXY-4,4-BISNOR-4,8,11,13-PODOCARPATETRAEN-3-ONE; ZEARALENONE; JNJ16259685; BERBERINE CHLORIDE; TRIFLUOPERAZINE; HARMINE; GALANGIN; GUANFACINE HYDROCHLORIDE; CHEMBL:CHEMBL227298; (R)-FELODIPINE; MUNDULONE ACETATE; ELIPRODIL; ARTEMOTIL; PD-169316; DEXAMETHASONE; CHEMBL:CHEMBL336095; LAPATINIB; ISOPIMPINELLIN; CEFTRIAXONE; MEBEVERINE HYDROCHLORIDE; GR 89696; CAPSAZEPINE; PHENOBARBITAL; LUMEFANTRINE; FLUPENTHIXOL; PF-03715455; TRIM; DAPSONE; THEOPHYLLINE; FENTANYL CITRATE; METRONIDAZOLE; CHEMBL:CHEMBL68534; ISOBERGAPTENE; PAPAVERINE HYDROCHLORIDE; FENDILINE HYDROCHLORIDE; SELEGILINE; SB 215505; FLUOROURACIL; LUZINDOLE; PINACIDIL; TRIMIPRAMINE; QUINACRINE DIHYDROCHLORIDE; TAMSULOSIN HYDROCHLORIDE; (R)-NITRENDIPINE; FASUDIL; CHEMBL:CHEMBL1320453; CHEMBL:CHEMBL578741; DOFETILIDE; 4-METHOXYDALBERGIONE; CHEMBL:CHEMBL484662; INDOMETHACIN; SERTINDOLE; ISOKOBUSONE; ISONIAZID; GUTHION; HYDROXYCHLOROQUINE; DOXORUBICIN HYDROCHLORIDE; BUTAMBEN; N-HISTIDYL-2-AMINONAPHTHALENE (BETANA); FPL64176; SB 228357; IXABEPILONE; SAPPANONE A DIMETHYL ETHER; MERCURIC CHLORIDE; PENTOSALEN; OFLOXACIN; TAMOXIFEN; DIMETHYL GAMBOGATE; ROBUSTONE; SU9516; NICARDIPINE; ISOEUGENITOL; PYRIDOSTIGMINE; LECANORIC ACID; (+/-)-PENTAACETYLCATECHIN; DEXMEDETOMIDINE HYDROCHLORIDE; SULFADIAZINE; BISACODYL; CHEMBL:CHEMBL472656; INDOMETHACIN MORPHOLINYLAMIDE; DIENESTROL; HYCANTHONE; BIPHENYL-4-AMINE; DOLASETRON; GRANISETRON; CHEMBL:CHEMBL588859; 2-METHOXY-5 (6)EPOXY-TETRAHYDROCARYOPHYLLENE; TIPRANAVIR; AG 490; CITROPTEN; AMIODARONE HYDROCHLORIDE; CHEMBL:CHEMBL1513392; MORICIZINE; OSI-930; QUERCETIN; BAICALEIN; SERTRALINE HYDROCHLORIDE; PLICAMYCIN; E324; VINDESINE; ALPHA-NAPHTHOFLAVONE; EPIGALLOCATECHIN GALLATE; GANGALEOIDIN; CHEMBL:CHEMBL1079460; PSEUDOEPHEDRINE; CHEMBL:CHEMBL587259; ARASERTACONAZOLE; CGP7930; TRIAMCINOLONE; PIPERIDOLATE HYDROCHLORIDE; VANIPREVIR; REL-CISAPRIDE; 2- (2,6-DIMETHOXYPHENOXYETHYL)AMINOMETHYL-1,4-BENZODIOXANE HYDROCHLORIDE (WB 4101); RS-100329; METHOXYFLURANE; CARBAMAZEPINE; PARATHION; ALTANSERIN; CHEMBL:CHEMBL145725; CAULIBUGULONE C; OLVANIL; MEK1/2 INHIBITOR; TABIMORELIN; GW282974X; PYRILAMINE; DROFENINE HYDROCHLORIDE; STAVUDINE; FLUNISOLIDE ANHYDROUS; CARMOFUR; CHLORANIL; SB-415286; LOSARTAN POTASSIUM; TYRPHOSTIN B48; TEBUFENOZIDE; GUGGULSTERONE; HOMIDIUM BROMIDE; TYRPHOSTIN AG 879; PTAEROXYLIN; PRIMIDONE; NSC-663284; (+/-)-ERIODICTYOL; DORZOLAMIDE; CHEMBL:CHEMBL85194; CHEMBL:CHEMBL1288014; PHLORETIN; RS-39604; ISOLIQUIRITIGENIN; IPRONIAZID; CHEMBL:CHEMBL272682; SUNITINIB; WIN55212-2; LINEZOLID; 5,7-DIHYDROXYISOFLAVONE; MONTELUKAST SODIUM; 12A-HYDROXY-5-DEOXYDEHYDROMUNDUSERONE; ARTEMETHER; PURVALANOLA; DEOXYSAPPANONE B TRIMETHYL ETHER; MESALAMINE; (-)-ROLIPRAM; GYKI53784; TYRPHOSTIN A9; 8,2'-DIMETHOXYFLAVONE; NOSCAPINE; SB202190; PRAVASTATIN SODIUM; ARTHONIOIC ACID; INDIRUBIN-3'-MONOXIME; FLUTAMIDE; GENTIAN VIOLET CATION; COUMARIN; AMPHOTERICIN B LIPOSOMAL; CHEMBL:CHEMBL533542; CHEMBL:CHEMBL225513; OXAZEPAM; INDINAVIR; L-732,138; TRIAZOLAM; ACRISORCIN; TREQUINSIN HYDROCHLORIDE; TYRPHOSTIN 25; GW0742X; STICTIC ACID; ZONISAMIDE; ALLANTODAPSONE; CHLORHEXIDINE HYDROCHLORIDE; NEOSTIGMINE BROMIDE; IMIPRAMINE HYDROCHLORIDE; HYDROXYZINE; FLUNITRAZEPAM; ALPROSTADIL; IVABRADINE; HESPERETIN; DACARBAZINE; BENZTHIAZIDE; ESMETHADONE; NEVIRAPINE; PITAVASTATIN; DISULFIRAM; TOREMIFENE; CLARITHROMYCIN; NIFEDIPINE; METHOXYVONE; BERGAPTOL; LIOTHYRONINE; RESVERATROL; TRIMETHADIONE; CHEMBL:CHEMBL126804; CHEMBL:CHEMBL581929; LUTEOLIN; CHEMBL:CHEMBL502242; MACROLIDE ANTIBIOTIC; RS-17053; METARAMINOL; IRBESARTAN; CHOLECALCIFEROL; ESOXYBUTYNIN; SIMVASTATIN; FLOXURIDINE; EHNA; AM-630; SULFAPHENAZOLE; XANTHONE; LAPACHONE; (S)-VERAPAMIL; CHEMBL:CHEMBL1420370; TERFENADINE; 6-CL-MLT; TYRPHOSTIN AG 835; CHEMBL:CHEMBL313737; RESORCINOL; TRICETIN; SORAFENIB; ML 10302; FIPEXIDE; SULFADOXINE; DACTINOMYCIN; METHADONE HYDROCHLORIDE; (R,S)-INDATRALINE; CHEMBL:CHEMBL590670; RP-67580; BERGAMOTTIN; KEPONE; CILOSTAMIDE; ZOXAZOLAMINE; LINOLENIC ACID; PSORALEN; FENRETINIDE; MELATONIN; FOSAMPRENAVIR; LINOPIRDINE; LEVOPROPOXYPHENE NAPSYLATE ANHYDROUS; CHEMBL:CHEMBL198759; PAROXETINE HYDROCHLORIDE, HEMIHYDRATE; CHEMBL:CHEMBL476501; DERRUBONE; PSORA-4; RISPERIDONE; SERICETIN DIACETATE; BW373U86; COLCHICINE; CHEMBL:CHEMBL1256025; MAPROTILINE HYDROCHLORIDE; MINOCYCLINE; GW405833; NECROSTATIN-1; GLYBURIDE; QUININE; ALTHIAZIDE; PROPAFENONE; ISOQUINE; ATORVASTATIN CALCIUM TRIHYDRATE; MRS1523; TAMOXIFEN CITRATE; SR2640; CHEMBL:CHEMBL512908; ELLIPTECINE; METHOTREXATE; MECLOFENAMATE SODIUM; DIHYDROGAMBOGIC ACID; RESORCINOL MONOACETATE; DAPH; SB 218795; ALECTINIB; HYDROXYCAMPTOTHECIN; CHEMBL:CHEMBL67535; BUSULFAN; CHEMBL:CHEMBL56393; DOCEBENONE; PIVAMPICILLIN; HYDROCORTISONE BUTYRATE; AMSACRINE; CYPROTERONE; METHYLENE BLUE; FAMPROFAZONE; GLAFENINE; CHEMBL:CHEMBL11458; DIRLOTAPIDE; NICLOSAMIDE; ETIDRONIC ACID; CYCLOSPORINE; TIOTIDINE; 8-CYCLOPENTYLTHEOPHYLLINE; 5-METHOXYPSORALEN; CLOFOCTOL; PERGOLIDE; TRIACETYLRESVERATROL; BUTORPHANOL; BUDESONIDE; 2-IODOACETAMIDE; CAULIBUGULONE D; TECHTOCHRYSIN; LANSOPRAZOLE; CHEMBL:CHEMBL187216; PHENYTOIN SODIUM; OXETHAZAINE; THIAMYLAL SODIUM; COUMAPHOS; RANOLAZINE; SULFASALAZINE; THIRAM; 4-CHLOROMERCURIBENZOIC ACID; SKIMMIANINE; CHEMBL:CHEMBL137498; GRAMINE; SULCONAZOLE NITRATE; PIRIBEDIL; AURIN; ROSUVASTATIN; KHELLIN; RANITIDINE HYDROCHLORIDE; L 755507; PYRAZINAMIDE; CHEMBL:CHEMBL457504; EMODIN; PD-98059; CHEMBL:CHEMBL1288013; DIPYRIDAMOLE; VALERIAN ROOT EXTRACT; PHENOXYBENZAMINE; NONIVAMIDE; OXYBUTYNIN; TOLUENE DIISOCYANATE; CAFFEINE; CT-1578; MINOXIDIL; 3-HYDROXY-3',4'-DIMETHOXYFLAVONE; ARTEMISININ; METHYL PARATHIONE; CHEMBL:CHEMBL184450; SALAGEN; PRE-084; CHLORPROPAMIDE; LABETALOL; NICARDIPINE HYDROCHLORIDE; (S)-NIMODIPINE; ASPIRIN; N-OLEOYLDOPAMINE; S-ETOMIDATE; ISOPROTERENOL; SAPPANONE A TRIMETHYL ETHER; MITOXANTRONE; PAREGORIC; CHEMBL:CHEMBL177809; TYRPHOSTIN 23; CHEMBL:CHEMBL74675; REMOXIPRIDE; PROADIFEN; CHEMBL:CHEMBL602418; (R)-PINOCEMBRIN; PROCHLORPERAZINE; PHENYLBUTAZONE; ETHOSUXIMIDE; GENISTEIN; FLUTICASONE; TRACAZOLATE; DICHLORODIPHENYLDICHLOROETHYLENE; MODAFINIL; TANGERETIN; RILMENIDINE; DIMETHYLPINOCEMBRIN; MITOMYCIN; AHPN; DEQUALINIUM; SCH 58261; CHEMBL:CHEMBL422942; CHLOROQUINE; GW7647; 7,3'-DIMETHOXYFLAVONE; ACACETIN DIACETATE; CHEMBL:CHEMBL101168; PROADIFEN HYDROCHLORIDE; FUROXAN; OXYMETHOLONE; CHEMBL:CHEMBL398363; HEPTACHLOR; CIMETIDINE; OXYPHENBUTAZONE; (R)-MELPHALAN; PHOSALONE; ALPRAZOLAM; DIHYDROXYPHENYLGLYCINE; PACHYRRIZINE; CHEMBL:CHEMBL84685; DOXEPIN HYDROCHLORIDE; PREDNISOLONE; WAY-100135; NICOTINE POLACRILEX; SB 222200; TOLTERODINE; REBOXETINE; TEMAZEPAM; GW1929; SAPPANONE A 7-METHYL ETHER; NILUTAMIDE; PIOGLITAZONE HYDROCHLORIDE; TRIOXSALEN; RITONAVIR; CHEMBL:CHEMBL309917; TENELIGLIPTIN; GABAPENTIN; OSTHOLE; ETHAVERINE; METHOCARBAMOL; SANGUINARIUM; METHYL ROBUSTONE; QUINALIZARIN; AVI-4557; MONASTROL; PIMPINELLIN; CYC-116; 6-O-BENZYLGUANINE; CHEMBL:CHEMBL587849; CHEMBL:CHEMBL74913; AMINOPURVALANOL A; MONOAMINE OXIDASE INHIBITOR; SB-431542; IMMUNOSUPPRESSANT; 4'-METHOXYFLAVONE; 7-OXOCALLITRISIC ACID, METHYL ESTER; ELEMICIN; CHEMBL:CHEMBL1342336; INAMRINONE; BENZPIPERYLON; MUNDULONE; U-0126; DESLORATADINE; PHENMEDIPHAM; CABAZITAXEL; 4,4'-DIMETHOXYDALBERGIONE; BECLOMETHASONE; HEXYLRESORCINOL; TYRPHOSTIN AG 555; CHEMBL:CHEMBL258767; IMATINIB; VALPROIC ACID; ETAZOLATE; IMAZODAN; DEGUELIN; MIFEPRISTONE; CHLOROTHALONIL; MENTHOFURAN; ICI-199441; DESIPRAMINE; CARMUSTINE; FLUPIRTINE; RIMCAZOLE; ESTRADIOL VALERATE; ECADOTRIL; CHOLINE CHLORIDE; LANSOPRAZOLE SULFIDE; 5,7-DIMETHOXYISOFLAVONE; PAZOPANIB; PROPANIL; FERROUS SULFATE; AZELASTINE HYDROCHLORIDE; CHEMBL:CHEMBL1397308; NITROFURANTOIN, MACROCRYSTALS; PIPERONYL BUTOXIDE; ROXINDOLE; TANSHINONE IIA SULFONATE; CGP13501; AZTREONAM; METHYLDOPA ANHYDROUS; CIPROFLOXACIN; NONOXYNOL-9; VEMURAFENIB; CORALYNE; PHENELZINE SULFATE; GOSSYPOL; ISOQUINE DIHYDROCHLORIDE; CHEMBL:CHEMBL1412710; CHEMBL:CHEMBL601110; 4,4'-METHYLENEDIANILINE; CARBETAPENTANE CITRATE; HYDRALAZINE; IMETIT; CHEMBL:CHEMBL222556; THIOPERAMIDE; MASOPROCOL; NIALAMIDE; DOLUTEGRAVIR SODIUM; BETA-CCM; MIANSERIN; TOMELUKAST; SOTALOL; HYDROMORPHONE HYDROCHLORIDE; COCAINE; TELENZEPINE; SB 206553; ISRADIPINE; OXYMETAZOLINE HYDROCHLORIDE; METYROSINE; TETRACYCLINE; PROPYLPYRAZOLETRIOL; CHEMBL:CHEMBL527271; N-[2-(2-IODO-5-METHOXY-1H-INDOL-3-YL)ETHYL]ACETAMIDE; SEVOFLURANE; MYCOPHENOLATE; AMPEROZIDE; TEBUCONAZOLE; CHEMBL:CHEMBL1310701; LOPERAMIDE; L741742; PRASTERONE; METHYSTICIN; CHEMBL:CHEMBL154580; CHEMBL:CHEMBL1374610; DRONEDARONE; CHEMBL:CHEMBL272005; BITHIONOLATE SODIUM; PHENOLPHTHALEIN; CLOMIPRAMINE; CLOFIBRATE; 1R,9S-HYDRASTINE; CHLORZOXAZONE; NARINGENIN; CELECOXIB; NITROMIDE; ASTEMIZOLE; CHEMBL:CHEMBL1572261; 2-APB; IODOPHENPROPIT; CHRYSIN; ONDANSETRON HYDROCHLORIDE; RIPRETINIB; CILOSTAZOL; SULFINPYRAZONE; DIETHYLSTILBESTROL; PIPERIDOLATE; TBBT; MERCAPTOPURINE; SB 204741; DICYCLOMINE HYDROCHLORIDE; NITAZOXANIDE; POSACONAZOLE; BIFEMELANE; CYCLOPHOSPHAMIDE ANHYDROUS; TORSEMIDE; REPAGLINIDE; HYDROCODONE; APIGENIN; CANDESARTAN CILEXETIL; CHEMBL:CHEMBL15134; SB 216763; METHAPHIT; SB203580; SAQUINAVIR MESYLATE; LEFLUNOMIDE; PIROXICAM-BETA-CYCLODEXTRIN; BERBAMINE; DILTIAZEM HYDROCHLORIDE; CLEBOPRIDE MALEATE; CROMOGLYCATE; L-162,313; NOBILETIN; TESMILIFENE; EUPARIN; 3-HYDROXYBENZYLHYDRAZINE; L-765314; ENOXOLONE; CHEMBL:CHEMBL225869; [3H]WAY100635; RHETSININE; ETOPOSIDE; PAEONOL; ENALAPRIL MALEATE; (-)-U-50488; GW5074; GENTAMICIN; GANGLEOIDIN ACETATE; BLONANSERIN; MIBEFRADIL; CL-976; 2,4,6-TRIBROMOPHENOL; FISETIN; CHEMBL:CHEMBL546597; CLEMIZOLE; PIRINIXIC ACID; CHEMBL:CHEMBL1256835; NAPROXEN SODIUM; AZITHROMYCIN ANHYDROUS; TERAZOSIN; EBSELEN; NAFTIDROFURYL; CAMPTOTHECIN; CHEMBL:CHEMBL253786; DILAZEP; RESERPINE; CHEMBL:CHEMBL1256868; XANTHINE AMINE CONGENER; ENDO-ATROPINE; DIGOXIN; TELITHROMYCIN; CLOTRIMAZOLE; PIMOZIDE; SNC80; DIDANOSINE; MIDODRINE; 3',4'-DIMETHOXYFLAVONE; NILOTINIB; LEUCINE; SULINDAC; CARBONYL CYANIDE M-CHLOROPHENYLHYDRAZONE; OXATOMIDE; SILIBININ; NISOLDIPINE; NAFRONYL OXALATE; MEDROXYPROGESTERONE ACETATE; FLUVOXAMINE; NELFINAVIR MESYLATE; CLEMASTINE; 4-{2-[(7-AMINO-2-FURAN-2-YL[1,2,4]TRIAZOLO[1,5-A][1,3,5]TRIAZIN-5-YL)AMINO]ETHYL}PHENOL; CAPSAICIN; ZUCAPSAICIN; PIPERINE; PRAZOSIN; ZILEUTON; ERYTHROMYCIN; DIHYDROXYBERGAMOTTIN; LIDOCAINE; DIMPYLATE; MECAMYLAMINE; HARMOL HYDROCHLORIDE; TROGLITAZONE; PARAROSANILINE; RU 24969; FELODIPINE; VESNARINONE; 6-METHYLFLAVONE; DANAZOL",; inhibitor,DTC; PharmGKB; DTC; NCI; PharmGKB; DTC; TTD; PharmGKB; NCI; DTC; PharmGKB; PharmGKB; NCI; DTC; NCI; ChEMBL; NCI; DTC; PharmGKB; NCI; DTC; NCI; PharmGKB; DTC; ChEMBL; ChEMBL; PharmGKB; DTC; TdgClinicalTrial,1.54718049036372,0.00041854889371565,0.00143302490247728,Up,Other,TRUE,High
CYP2C19,484,484,"TETRACYCLINE; ALPHA-NAPHTHOFLAVONE; NATEGLINIDE; NELFINAVIR; SANGUINARIUM; CYTARABINE; ZARDAVERINE; FLUNISOLIDE ANHYDROUS; (R)-NFPS; CARMUSTINE; AM281; BOSUTINIB; LANSOPRAZOLE; SULINDAC; PF-03715455; TRAMADOL; VORICONAZOLE; IPRONIAZID; OXYMORPHONE; (S)-AMPA; FORMOTEROL FUMARATE; DIPHENYLENEIODONIUM; UE2343; SULFAPHENAZOLE; ETIDRONIC ACID; PHENYTOIN SODIUM; CHEMBL:CHEMBL85194; MERCAPTOPURINE; IRL 2500; N-OLEOYLDOPAMINE; PHENTOLAMINE; AZATHIOPRINE; PP2; BAICALEIN; ICI-199441; MAVACAMTEN; APIGENIN; DISULFIRAM; KETANSERIN; LEUPROLIDE ACETATE; NIGULDIPINE; CHEMBL:CHEMBL1513392; FIPEXIDE; ETRAVIRINE; QUERCETIN; NORMEPERIDINE; TERAZOSIN; CHEMBL:CHEMBL1339015; CHEMBL:CHEMBL601110; CHLORMETHIAZOLE; (R)-FLECAINIDE; PSORALEN; NIMESULIDE; MANGOSTIN; ENOXOLONE; CYC-116; BUSULFAN; BRIVARACETAM; SB 204741; GALANGIN; SILVER SULFADIAZINE; TESMILIFENE; GR 89696; CITALOPRAM; CHEMBL:CHEMBL591613; VITAMIN K3; NB-ACETYLTRYPTAMINE; OXOTREMORINE; PYRROLIDINE DITHIOCARBAMATE; IPSAPIRONE; CHEMBL:CHEMBL1370698; ESOMEPRAZOLE SODIUM; CIMETIDINE; MONASTROL; PIRIBEDIL; MOCLOBEMIDE; TICLOPIDINE; CHEMBL:CHEMBL1079460; 5-METHOXYPSORALEN; CYPROTERONE; SB 222200; VANOXERINE; PSEUDOEPHEDRINE; ELLIPTECINE; INDIRUBIN-3'-MONOXIME; TOLBUTAMIDE; AZITHROMYCIN ANHYDROUS; NAPROXEN SODIUM; MEPIVACAINE HYDROCHLORIDE; CHLORPROMAZINE HYDROCHLORIDE; CLORGILINE; 6BETA-HYDROXYTESTOSTERONE; METYROSINE; CHLOROQUINE; DIPYRONE; PHENPROCOUMON; HYDRASTINE; SPERMINE; COMPOUND 30 [PMID: 22239545]; OMEPRAZOLE; MEFENAMIC ACID; DIOXYBENZONE; TAMOXIFEN CITRATE; CHEMBL:CHEMBL471005; RABEPRAZOLE; 1-PHENYLBIGUANIDE; EFAVIRENZ; TROGLITAZONE; CHEMBL:CHEMBL547407; GUANFACINE HYDROCHLORIDE; PYRAZINAMIDE; GENISTEIN; CP-339818; ALLOPURINOL; IMIPRAMINE HYDROCHLORIDE; CDK1/5 INHIBITOR; PROPYLPYRAZOLETRIOL; ACETAMINOPHEN; CHEMBL:CHEMBL2094549; 6-O-BENZYLGUANINE; NILUTAMIDE; ETHINYL ESTRADIOL; CLOPIDOGREL; TOPIRAMATE; (R)-FELODIPINE; METHOTREXATE; ARBACLOFEN; AMITRIPTYLINOXIDE; SB 224289; CHEMBL:CHEMBL1342336; CHEMBL:CHEMBL587259; MONTELUKAST SODIUM; BIOCHANIN A; ESTRADIOL VALERATE; SB 216763; ASARININ; AMIODARONE HYDROCHLORIDE; ZOXAZOLAMINE; TARENFLURBIL; CHEMBL:CHEMBL188641; ETOPOSIDE; SIMVASTATIN; SULFAMETHOXAZOLE; CGS-12066; MIDODRINE; MEPHOBARBITAL; EMODIN; CHEMBL:CHEMBL336095; (-)-U-50488; DIFLUFENICAN; LANSOPRAZOLE SULFIDE; COUMARIN; GLABRANIN; PROPYLTHIOURACIL; DOXORUBICIN HYDROCHLORIDE; CEFOPERAZONE; MESTRANOL; SB-431542; DESOXYCORTICOSTERONE; LINOPIRDINE; CHEMBL:CHEMBL258465; AMSACRINE; CLOTRIMAZOLE; ARASERTACONAZOLE; MODAFINIL; BRADANICLINE; N-[2-(2-IODO-5-METHOXY-1H-INDOL-3-YL)ETHYL]ACETAMIDE; FLUCONAZOLE; CHEMBL:CHEMBL584860; (R,S)-INDATRALINE; NEVIRAPINE; BERGAMOTTIN; ISOBOLDINE; CHEMBL:CHEMBL1317986; NICORANDIL; CHEMBL:CHEMBL1288013; PROCHLORPERAZINE; LAMOTRIGINE; VALPROIC ACID; HYDRALAZINE; BELZUTIFAN; ECADOTRIL; CYCLOSPORINE; CHEMBL:CHEMBL585045; CLOBENPROPIT; CROMOGLYCATE; BRILLIANT GREEN OXALATE; CHEMBL:CHEMBL238624; L-733,060; PIROXICAM-BETA-CYCLODEXTRIN; FLUNITRAZEPAM; CHEMBL:CHEMBL45349; (R)-PINOCEMBRIN; (S)-FLUOXETINE; E324; CHEMBL:CHEMBL242172; PHLORETIN; PYRILAMINE; PD123319; (S)-FELODIPINE; SB202190; LACOSAMIDE; ERYTHROMYCIN; GLAFENINE; SB-408124; CHLORAMPHENICOL; METHYLHOMATROPINE; DIPHENHYDRAMINE; NORCLOBAZAM; LABETALOL; CARBIMAZOLE; 3,4-METHYLENEDIOXYMETHAMPHETAMINE; CILOSTAZOL; CHEMBL:CHEMBL601616; CAFFEINE; CHEMBL:CHEMBL41680; CHEMBL:CHEMBL335741; INAMRINONE; CHEMBL:CHEMBL239439; SB203580; CHEMBL:CHEMBL515505; CAPSAZEPINE; INDINAVIR; CHEMBL:CHEMBL1548739; NARINGENIN; PREDNISONE; CHEMBL:CHEMBL533542; EBSELEN; POMIFERIN; 4-CHLOROMERCURIBENZOIC ACID; CHEMBL:CHEMBL29197; CHEMBL:CHEMBL1310701; ICILIN; STAVUDINE; THALIDOMIDE; CHEMBL:CHEMBL471225; BUDESONIDE; FLUVOXAMINE; NITROFURANTOIN, MACROCRYSTALS; CHEMBL:CHEMBL469309; CHEMBL:CHEMBL1420370; DIHYDROXIDINE; CHEMBL:CHEMBL242171; CLARITHROMYCIN; PROPRANOLOL HYDROCHLORIDE; ESOXYBUTYNIN; TYRPHOSTIN 47; MINOCYCLINE; ISOLIQUIRITIGENIN; HESPERETIN; NIFEDIPINE; CHEMBL:CHEMBL287689; CLOZAPINE; (S)-NIMODIPINE; UBP302; DOXEPIN HYDROCHLORIDE; RALOXIFENE HYDROCHLORIDE; ZAFIRLUKAST; CARISOPRODOL; CHEMBL:CHEMBL601135; TEMAZEPAM; DICLOFENAC SODIUM; DIAZEPAM; CHEMBL:CHEMBL512832; CARBAMAZEPINE; GR 127935; FLIBANSERIN; FENTICLOR; LAPACHONE; PRAZIQUANTEL; DIDANOSINE; IGURATIMOD; ANTIDEPRESSANT AGENT; NS1619; CHEMBL:CHEMBL606167; CHEMBL:CHEMBL294747; COLCHICINE; NORETHINDRONE; GYKI53784; RESOKAEMPFEROL; NS-398; MRS1220; PERHEXILINE; PHENOBARBITAL; SC-560; ICOTINIB; CHEMBL:CHEMBL512908; MYRICETIN; S-ETOMIDATE; COMPOUND 51 [CROSIGNANI ET AL., 2011]; N-DESMETHYLCLOZAPINE; TECHTOCHRYSIN; CHEMBL:CHEMBL530733; SALAGEN; RANITIDINE HYDROCHLORIDE; MONO-N-ACETYL DAPSONE; QUINIDINE; DROSPIRENONE; RACLOPRIDE; TRIAMCINOLONE; MINOXIDIL; CHELERYTHRINE; CHEMBL:CHEMBL592561; FLUTAMIDE; CAMPTOTHECIN; RS-17053; SPIPERONE; MICONAZOLE NITRATE; HYDROXYPROGESTERONE; MESALAMINE; MONOAMINE OXIDASE INHIBITOR; PRASUGREL; CHEMBL:CHEMBL1270168; PANTOPRAZOLE SODIUM; GENTAMICIN; ALPROSTADIL; CHEMBL:CHEMBL1343568; CAPENSIN; TICAGRELOR; LEUCINE; DEXMEDETOMIDINE HYDROCHLORIDE; AURINTRICARBOXYLIC ACID; FLUOROURACIL; URAPIDIL; GABAPENTIN; PAPAVERINE; RS67506; NOSCAPINE; TRIMIPRAMINE; ANIRACETAM; 6-CL-MLT; DANTROLENE; OFLOXACIN; FENTANYL CITRATE; CHEMBL:CHEMBL546597; SR2640; LUZINDOLE; PROGUANIL; ZUCAPSAICIN; ANABASINE; A68930; FOSPHENYTOIN; [3H]GABAZINE; CLEMASTINE; FENOFIBRATE MICRONIZED; CLEMIZOLE; DILTIAZEM HYDROCHLORIDE; SPLITOMICIN; CHEMBL:CHEMBL584854; SKIMMIANINE; SULFADOXINE; CHEMBL:CHEMBL1320453; MIRTAZAPINE; CHEMBL:CHEMBL587849; DAIDZEIN; CHEMBL:CHEMBL244707; CHEMBL:CHEMBL1288014; AMOXICILLIN ANHYDROUS; LOVASTATIN; CHEMBL:CHEMBL1358137; SULPIRIDE; GLYCINE; 2-CHLORO-5-NITRO-N-PHENYLBENZAMIDE; MASOPROCOL; METHYLDOPA ANHYDROUS; CHEMBL:CHEMBL123904; PIMOZIDE; CLOBAZAM; ANDROSTENEDIONE; PROGESTERONE; ZILEUTON; CHEMBL:CHEMBL1257081; CHEMBL:CHEMBL1256364; CIPROFLOXACIN; BUTYLPARABEN; ZD-7155; PD-98059; TORSEMIDE; DOCEBENONE; DIHYDROCAPSAICIN; GS39783; ELLAGIC ACID; L-694,247; (S)-NITRENDIPINE; CHEMBL:CHEMBL145725; CHEMBL:CHEMBL1269022; HYDROCODONE; MITOMYCIN; CHEMBL:CHEMBL476501; CLONIDINE HYDROCHLORIDE; LORATADINE; ZIDOVUDINE; CHEMBL:CHEMBL429095; CHEMBL:CHEMBL272005; INDOMETHACIN; CHLOROPYRAMINE; AZTREONAM; CHEMBL:CHEMBL552439; CHEMBL:CHEMBL362863; OXAZEPAM; DOFETILIDE; 1R,9S-HYDRASTINE; DUP-697; NIACIN; DIGOXIN; IBUPROFEN, SODIUM SALT; DEXAMETHASONE; L-732,138; CHRYSIN; ISRADIPINE; GW1929; PHENELZINE; ACACETIN; NEOSTIGMINE BROMIDE; CHEMBL:CHEMBL362223; BUTORPHANOL; CHLORPROPAMIDE; FLOXURIDINE; BECLOMETHASONE; CYCLOPHOSPHAMIDE ANHYDROUS; DEGUELIN; PLICAMYCIN; AMBRISENTAN; DACARBAZINE; CHEMBL:CHEMBL16751; DL-TBOA; FELBAMATE; SOTALOL; DIPYRIDAMOLE; KETOCONAZOLE; GLYBURIDE; NISOLDIPINE; ROTENONE; LIOTHYRONINE; RIMCAZOLE; ABROCITINIB; REMOXIPRIDE; SELEGILINE; WIN55212-2; METARAMINOL; BETA-CCM; PIFEXOLE; TRIFLUOPERAZINE; KARANJIN; RO19-4603; OXYCODONE; CHEMBL:CHEMBL1214274; RIFAMPIN; (S)-ALAPROCLATE; CEFTRIAXONE; AROTINOID ACID; JWH015; RIVAROXABAN; FPL64176; BUTYLATED HYDROXYTOLUENE; HYCANTHONE; AM251; CHEMBL:CHEMBL242385; CHEMBL:CHEMBL421215; PHENYLBUTAZONE; TYRPHOSTIN AG 555; TYRPHOSTIN AG 879; TESTOSTERONE; FLUMAZENIL; REL-CISAPRIDE; HYDROXYZINE; FINASTERIDE; TELENZEPINE; CHEMBL:CHEMBL271165; CHEMBL:CHEMBL250053; CLOFIBRATE; CGP7930; CHEMBL:CHEMBL120806; ATORVASTATIN CALCIUM TRIHYDRATE; CHEMBL:CHEMBL1371696; E4031; PSORA-4; 5-(N,N-HEXAMETHYLENE)-AMILORIDE; DIETHYLSTILBESTROL; CHEMBL:CHEMBL1256835; (R)-NITRENDIPINE; TOLNAFTATE; THIOPERAMIDE; TPCK",; inhibitor,DTC; PharmGKB; GuideToPharmacology; DTC; FDA; PharmGKB; FDA; FDA; PharmGKB; DTC; FDA; FDA; DTC; PharmGKB; DTC; DTC; PharmGKB; PharmGKB; FDA,1.9874988268255,1.48599815801368e-06,1.19656799393518e-05,Up,Other,TRUE,High
CYP2C9,433,433,"CHEMBL:CHEMBL527271; HYCANTHONE; CYCLOPHOSPHAMIDE ANHYDROUS; PD123319; ZAFIRLUKAST; DIGOXIN; CHEMBL:CHEMBL471226; TRIAMCINOLONE; DICLOFENAC SODIUM; KETANSERIN; CYC-116; MEFENAMIC ACID; CHEMBL:CHEMBL1611308; (R)-PINOCEMBRIN; CHLORPROPAMIDE; FELBAMATE; TYRPHOSTIN 23; SULFAPHENAZOLE; ABROCITINIB; GR 89696; LESINURAD; NIFEDIPINE; PIOGLITAZONE HYDROCHLORIDE; PYRROLIDINE DITHIOCARBAMATE; CHEMBL:CHEMBL258465; VANOXERINE; FLURBIPROFEN; TROGLITAZONE; 5-METHOXYPSORALEN; DIPHENHYDRAMINE; VALPROIC ACID; CHEMBL:CHEMBL601110; STAVUDINE; OMEPRAZOLE; POMIFERIN; TYRPHOSTIN AG 879; FLUNISOLIDE ANHYDROUS; CHEMBL:CHEMBL336095; CARBAMAZEPINE; MANGOSTIN; CHEMBL:CHEMBL512908; AMIODARONE HYDROCHLORIDE; DOFETILIDE; CHEMBL:CHEMBL1256291; NICLOSAMIDE; MELOXICAM; (R)-FLECAINIDE; DOXEPIN HYDROCHLORIDE; SB203580; (S)-AMPA; PITAVASTATIN; IPRATROPIUM CATION; SB 216763; SR2640; CP55940; SULFAMETHOXAZOLE; ACETAMINOPHEN; SULFADOXINE; GW5074; FOSPHENYTOIN; OFLOXACIN; DIPYRONE; LINEZOLID; DESIPRAMINE; AMINOPURVALANOL A; BENZBROMARONE; DAIDZEIN; FLIBANSERIN; ENDO-ATROPINE; RIMEGEPANT; LANSOPRAZOLE SULFIDE; EMODIN; TRAMADOL; CHEMBL:CHEMBL585045; ZOXAZOLAMINE; MIRTAZAPINE; GEFITINIB; MK-212; PIMARIC ACID; GW7647; DEXAMETHASONE; IMIPRAMINE HYDROCHLORIDE; NAPROXEN SODIUM; (R)-FELODIPINE; AZATHIOPRINE; URAPIDIL; FPL64176; BERGAMOTTIN; EMBELIN; WARFARIN; TORSEMIDE; NITROFURANTOIN, MACROCRYSTALS; MORIN; (R)-NFPS; GLYCINE; ETHAVERINE; ALLOPURINOL; CDK1/5 INHIBITOR; SB 203186; DICUMAROL; AURINTRICARBOXYLIC ACID; MECLIZINE; DAPSONE; LABETALOL; MENTHOFURAN; CEFOPERAZONE; BRILLIANT GREEN OXALATE; ZUCAPSAICIN; LEUCINE; GLAFENINE; ZILEUTON; RS-100329; INDOMETHACIN MORPHOLINYLAMIDE; PROPYLPYRAZOLETRIOL; SALAGEN; SELEGILINE; ETIDRONIC ACID; MECLOFENAMATE SODIUM; ETRASIMOD; INDOMETHACIN; MAPROTILINE; GEMFIBROZIL; MINOXIDIL; NICORANDIL; MONOAMINE OXIDASE INHIBITOR; ICI-199441; COUMARIN; BUSULFAN; ETHINYL ESTRADIOL; NONIVAMIDE; SPLITOMICIN; CHEMBL:CHEMBL123904; TYRPHOSTIN A9; NATEGLINIDE; MRS1220; ICILIN; CI-966; TOLFENAMIC ACID; CELECOXIB; CILOSTAZOL; CYPROTERONE; A68930; DANTROLENE; MINOCYCLINE; GUAIFENESIN; CHEMBL:CHEMBL239439; AMPHOTERICIN B LIPOSOMAL; CHEMBL:CHEMBL606167; ANTIPSYCHOTIC AGENT; METHYLDOPA ANHYDROUS; CHLOROQUINE; GYKI53784; PHENOBARBITAL; MASOPROCOL; TROLEANDOMYCIN; SB 228357; CLOMIPRAMINE; PLICAMYCIN; 4-HYDROXYCYCLOPHOSPHAMIDE; REL-CISAPRIDE; 1R,9S-HYDRASTINE; DEXMEDETOMIDINE HYDROCHLORIDE; NISOLDIPINE; L-162,313; (S)-NIMODIPINE; KARANJIN; TESMILIFENE; COLCHICINE; CHEMBL:CHEMBL222808; MICONAZOLE NITRATE; TICLOPIDINE; AVATROMBOPAG; PROCHLORPERAZINE; GABAPENTIN; ISRADIPINE; GLABRANIN; RANITIDINE HYDROCHLORIDE; ZIDOVUDINE; ANIRACETAM; IBUPROFEN, SODIUM SALT; GENTAMICIN; DACARBAZINE; CP-339818; DILTIAZEM HYDROCHLORIDE; SIMVASTATIN; OXOTREMORINE; SILVER SULFADIAZINE; GLYBURIDE; CHEMBL:CHEMBL225513; [3H]GABAZINE; AM404; CHEMBL:CHEMBL311489; CHEMBL:CHEMBL530733; TARENFLURBIL; ETHACRYNIC ACID; ERYTHROMYCIN; AMSACRINE; SULFASALAZINE; NIMESULIDE; PURVALANOLA; PD-98059; HEXESTROL; HESPERETIN; RIMCAZOLE; ISONIAZID; SULPIRIDE; NABUMETONE; DRONABINOL; QUINIDINE; ASPIRIN; (-)-USNIC ACID; METHYLHOMATROPINE; FLUTAMIDE; CHEMBL:CHEMBL1548739; BW373U86; FAMPROFAZONE; TENOXICAM; NOSCAPINE; QUERCETIN; BECLOMETHASONE; ACECLOFENAC; E324; SOTALOL; ROSIGLITAZONE; CHEMBL:CHEMBL587849; SB 204741; TIRATRICOL; HYDROXYZINE; N- (9-FLUORENYLMETHOXYCARBONYL)-L-LEUCINE; 4-CHLOROMERCURIBENZOIC ACID; CHEMBL:CHEMBL584854; CHEMBL:CHEMBL547407; MESTRANOL; FERROUS SULFATE; CLOPIDOGREL; FENTICLOR; MIDODRINE; CHEMBL:CHEMBL242172; DANAZOL; DIDANOSINE; AZTREONAM; CHEMBL:CHEMBL29197; EBSELEN; CIPROFLOXACIN; CAPSAZEPINE; NPPB; DIHYDROCAPSAICIN; CHEMBL:CHEMBL253786; VANIPREVIR; CHEMBL:CHEMBL238624; LINOPIRDINE; CHEMBL:CHEMBL552439; BUTORPHANOL; FLOXURIDINE; INDINAVIR; METYROSINE; MITOMYCIN; GW282974X; PRASUGREL; CHEMBL:CHEMBL242171; BUTYLATED HYDROXYTOLUENE; SB 224289; ZAPA; LIOTHYRONINE; TETRACYCLINE; CHEMBL:CHEMBL1420370; CHEMBL:CHEMBL546597; ANTICONVULSANT AGENT; PROPYLTHIOURACIL; MECAMYLAMINE; DIETHYLSTILBESTROL; CHEMBL:CHEMBL471225; CYTARABINE; 2-CHLORO-5-NITRO-N-PHENYLBENZAMIDE; CHEMBL:CHEMBL244707; [3H]GBR12935; CHEMBL:CHEMBL472656; PHENYLBUTAZONE; ENOXOLONE; PAREGORIC; PROPOFOL; AMITRIPTYLINE HYDROCHLORIDE; SB-408124; CHEMBL:CHEMBL421215; CHLORPROMAZINE; DOXORUBICIN HYDROCHLORIDE; LEUPROLIDE ACETATE; MONTELUKAST SODIUM; METARAMINOL; DUP-697; TAMOXIFEN; PSORA-4; RS67506; CLOTRIMAZOLE; CROMOGLYCATE; FENOFIBRATE MICRONIZED; CHEMBL:CHEMBL120806; OSPEMIFENE; FLUVOXAMINE; ALPROSTADIL; ASARININ; NEOSTIGMINE BROMIDE; KAEMPHEROL; CHEMBL:CHEMBL429095; SB 222200; CLOZAPINE; SULINDAC; 3,4-DICHLOROISOCOUMARIN; CARBIMAZOLE; CHEMBL:CHEMBL80155; KETOROLAC TROMETHAMINE; 3,6-DIMETHOXYFLAVONE; COMPOUND 9 [PMID: 1738140]; TRETINOIN; WIN55212-2; DL-TBOA; PHLORETIN; CHEMBL:CHEMBL515505; CLARITHROMYCIN; AM281; PRIMIDONE; RIFAMPIN; LORATADINE; AMOXICILLIN ANHYDROUS; FISETIN; CHEMBL:CHEMBL145725; CEFTRIAXONE; PROPRANOLOL HYDROCHLORIDE; PIROXICAM-BETA-CYCLODEXTRIN; PYRILAMINE; LUMIRACOXIB; PYRIDOSTIGMINE; METHOCARBAMOL; PF-03715455; PHENYTOIN SODIUM; BRIVARACETAM; TRIMIPRAMINE; CHEMBL:CHEMBL1342336; PSEUDOEPHEDRINE; NS1619; CHEMBL:CHEMBL362223; ETOPOSIDE; FLUCONAZOLE; SPERMIDINE; CHEMBL:CHEMBL512832; MERCAPTOPURINE; REMOXIPRIDE; (R)-NITRENDIPINE; NEVIRAPINE; CLEMASTINE; SORAFENIB; OXYMORPHONE; PSORALEN; MODAFINIL; PREDNISONE; DIPYRIDAMOLE; CHEMBL:CHEMBL272005; ARCTIGENIN; DOCEBENONE; LAPACHONE; LOVASTATIN; CHEMBL:CHEMBL2094549; 3-AMINOBENZAMIDE; CHEMBL:CHEMBL1374610; CHEMBL:CHEMBL592561; L-733,060; HYDROMORPHONE HYDROCHLORIDE; RESOKAEMPFEROL; CHEMBL:CHEMBL1214274; CARMUSTINE; LAMOTRIGINE; DYCLONINE; ARASERTACONAZOLE; HYDRALAZINE; GW1929; CHEMBL:CHEMBL584860; CHEMBL:CHEMBL595227; NIACIN; 3,5-DINITROCATECHOL (OR-486); AM251; (S)-FELODIPINE; MYRICETIN; CAFFEINE; 6-CL-MLT; GR 127935; TPCK; LORNOXICAM; 17-OCTADECYNOIC ACID; GALANGIN; NIGULDIPINE; CHEMBL:CHEMBL1269022; SB202190; AZITHROMYCIN ANHYDROUS; {4-[3-(4-ACETYL-3-HYDROXY-2-PROPYLPHENOXY)PROPOXY]PHENOXY}ACETIC ACID; PAPAVERINE; CLOBENPROPIT; DEXPROPRANOLOL; CHEMBL:CHEMBL362863; AJMALICINE; NILUTAMIDE; FENTANYL CITRATE; THIOPERAMIDE; RO 04-6790; MEPIVACAINE HYDROCHLORIDE; GLIQUIDONE; RO19-4603; L-732,138; IPRONIAZID; CYCLOSPORINE; PYRAZINAMIDE; ESTRADIOL VALERATE; CLONIDINE HYDROCHLORIDE; TERAZOSIN; PROGESTERONE; FINASTERIDE; HYDROCODONE; GS39783; BMS-182874; DEXTROTHYROXINE; (S)-NITRENDIPINE; DIPHENYLENEIODONIUM; BAICALEIN; OXYCODONE; METHOTREXATE; CHEMBL:CHEMBL242385; SIPONIMOD; DISULFIRAM; BUDESONIDE; CITALOPRAM; TELENZEPINE; ERDAFITINIB; KETOCONAZOLE; N-OLEOYLDOPAMINE",; inhibitor,DTC; PharmGKB; DTC; DTC; TTD; PharmGKB; FDA; PharmGKB; PharmGKB; FDA; DTC; PharmGKB; NCI; DTC; NCI; FDA; FDA; NCI; GuideToPharmacology; DTC; FDA; FDA; DTC,1.87354844844856,5.82516200178989e-06,3.81536951803058e-05,Up,Other,TRUE,High
FEN1,210,210,"LEVODOPA; SRT-1720; CHEMBL:CHEMBL521171; CETYLPYRIDINIUM BROMIDE; CHEMBL:CHEMBL1312050; CHEMBL:CHEMBL483206; CHEMBL:CHEMBL533954; CHEMBL:CHEMBL579742; LOMOFUNGIN; ISOTHYMONIN; EBSELEN; CHEMBL:CHEMBL1092508; CHEMBL:CHEMBL1481974; COUMESTROL; CHEMBL:CHEMBL95704; PROTOPORPHYRIN; CARMINIC ACID; CHEMBL:CHEMBL585622; TOLONIUM CHLORIDE; CHEMBL:CHEMBL1256291; CHEMBL:CHEMBL583558; CHEMBL:CHEMBL585502; CHEMBL:CHEMBL461193; CHEMBL:CHEMBL522983; CATECHIN; SR8185; TYRPHOSTIN 23; MITOXANTRONE HYDROCHLORIDE; CLOSANTEL; STICTIC ACID; CHEMBL:CHEMBL589915; SURAMIN; CHEMBL:CHEMBL602127; THIMEROSAL; METHYLDOPA ANHYDROUS; HOMIDIUM BROMIDE; CHEMBL:CHEMBL579919; DOXYCYCLINE ANHYDROUS; COMPOUND 6 [PMID: 34333981]; CEFSULODIN SODIUM; CHEMBL:CHEMBL223575; CHEMBL:CHEMBL67535; CHEMBL:CHEMBL592124; QUERCETIN; CHEMBL:CHEMBL578257; FAGARONINE; CHEMBL:CHEMBL515252; CHEMBL:CHEMBL338115; METHOXSALEN; CLINAFLOXACIN; OXIDOPAMINE HYDROCHLORIDE; CHEMBL:CHEMBL601137; CHEMBL:CHEMBL493863; PURPUROGALLIN; CHEMBL:CHEMBL585591; CHEMBL:CHEMBL136344; CEPHALOCHROMIN; AURINTRICARBOXYLIC ACID; THUNBERGINOL B; PAMOIC ACID; CHEMBL:CHEMBL592316; AZ13102909; CHEMBL:CHEMBL525103; CHEMBL:CHEMBL1287983; LAVENDUSTIN C; AKT INHIBITOR IV; DECYNIUM 22; CHEMBL:CHEMBL68534; CHEMBL:CHEMBL592598; AMARANTH; METHYLENE BLUE ANHYDROUS; BAICALEIN; CHEMBL:CHEMBL494668; COMPOUND II [PMID: 21329883]; MPI-0485520; CHEMBL:CHEMBL516616; CHEMBL:CHEMBL22062; TRANSPLATIN; SANGUINARIUM CHLORIDE; SANGUINARINE SULFATE; DOPAMINE; CHEMBL:CHEMBL578719; CHEMBL:CHEMBL477936; BENSERAZIDE HYDROCHLORIDE; CHEMBL:CHEMBL1601846; ASTERRIC ACID; TYRPHOSTIN 51; GSK8612; LUTEOLIN; GOSSYPOL; FRAXETIN; IDARUBICIN; AMINODIMETHOXYQUINAZOLINYLPIPERAZINE; CHEMBL:CHEMBL1534034; ALEXIDINE HYDROCHLORIDE; PHENYLSTIBONIC ACID; CHEMBL:CHEMBL584458; METHACYCLINE HYDROCHLORIDE; SENNOSIDE B; 3-O-METHYLQUERCETIN; DEOXIEPINEPHRINE; CHEMBL:CHEMBL124006; PYRONIN Y; ACID BLUE 129; APOMORPHINE HYDROCHLORIDE HEMIHYDRATE; DEMECLOCYCLINE; CCG-63802; MITONAFIDE; CHEMBL:CHEMBL56393; CATECHOL; CHEMBL:CHEMBL1287980; 2-METHOXY-1,4-NAPHTHOQUINONE; CHEMBL:CHEMBL601364; CHEMBL:CHEMBL151146; METHYLDOPA (RACEMIC); CHEMBL:CHEMBL1255944; GENTIAN VIOLET CATION; HOMIDIUM; CHEMBL:CHEMBL1726814; PINAFIDE; CARMINE; TYRPHOSTIN B48; CHEMBL:CHEMBL526763; GMQ; CHEMBL:CHEMBL486706; CHEMBL:CHEMBL463783; OXYTETRACYCLINE ANHYDROUS; MORIN; SLAZINIC ACID; OXOPURPUREINE; CHEMBL:CHEMBL585240; CHEMBL:CHEMBL19954; CHEMBL:CHEMBL581251; AMLEXANOX; DEPHOSTATIN; AMENTOFLAVONE; ERBSTATIN; CHEMBL:CHEMBL505670; CHEMBL:CHEMBL596633; EUFLAVINE; BAY-985; CHEMBL:CHEMBL1509103; 4-CHLOROMERCURIBENZOIC ACID; STREPTONIGRIN; CHEMBL:CHEMBL478754; CHEMBL:CHEMBL1451216; CHEMBL:CHEMBL1701915; ML 10302; MASOPROCOL; INDOCYANINE GREEN ACID FORM; CHEMBL:CHEMBL1528359; CHEMBL:CHEMBL582503; AMINACRINE HYDROCHLORIDE; EMODIN; SB-415286; CHARTREUSIN; PROTOPORPHYRIN DISODIUM; MITOXANTRONE; ISOKAEMPFERIDE; EPINEPHRINE; DAUNORUBICIN HYDROCHLORIDE; ELLAGIC ACID; CHEMBL:CHEMBL1622802; EUPAFOLIN; CHEMBL:CHEMBL547833; CHEMBL:CHEMBL1448793; CHEMBL:CHEMBL86464; ELLIPTECINE; MYRICETIN; 3,5-DIIODO-L-TYROSINE; CHEMBL:CHEMBL1341830; CHEMBL:CHEMBL1576310; HISPIDIN; HAEMATOXYLIN; CHEMBL:CHEMBL578741; PURPURIN; FURAMIDINE; PICEATANNOL; DITHIAZANINE; ATHRAQUINONES A; TBK1 PROTAC 3I; MRT67307; CHEMBL:CHEMBL581225; TAXIFOLIN; DEQUALINIUM; CHEMBL:CHEMBL576781; RHEIN; CHEMBL:CHEMBL532504; TETRAIDOFLUORESCEIN; PIRARUBICIN; BX-795; CHEMBL:CHEMBL234338; COMPOUND 17D [PMID: 23099093]; CHEMBL:CHEMBL533082; CHEMBL:CHEMBL589924; CHEMBL:CHEMBL68096; HYCANTHONE; CHEMBL:CHEMBL1453126; GW305074X; DAPHNETIN; BIX-01294; HYDROXYZINE PAMOATE; OXOGLAUCINE; NOREPINEPHRINE; CALMIDAZOLIUM CHLORIDE; CHEMBL:CHEMBL528724; PENTABROMOPHENOL; JP1302; CHEMBL:CHEMBL515505; QUINACRINE",; inhibitor,DTC; GuideToPharmacology; NCI,-1.10779104419704,1.65553202549863e-10,6.24753200350974e-09,Down,Other,TRUE,High
PLK1,180,180,"PURPURIN; BI 2536; ALPHAPRODINE HYDROCHLORIDE; 3,5-DIPHENYLISOXAZOLE; BI-2536; FLUPIRTINE MALEATE; CHEMBL:CHEMBL1412002; APOMORPHINE HYDROCHLORIDE HEMIHYDRATE; PYROGALLOL RED; CHEMBL:CHEMBL116548; PYRONIN Y; CHEMBL:CHEMBL588749; CHEMBL:CHEMBL534535; CHEMBL:CHEMBL523200; CHEMBL:CHEMBL1271059; CHEMBL:CHEMBL584619; CHEMBL:CHEMBL374632; GSK-461364A; GYROPHORIC ACID; SLAZINIC ACID; CHEMBL:CHEMBL164449; LANSOPRAZOLE; CHEMBL:CHEMBL577365; SENNOSIDE B; CHEMBL:CHEMBL599712; CHEMBL:CHEMBL121556; CHEMBL:CHEMBL602969; CHEMBL:CHEMBL429095; WORTMANNIN; BENSERAZIDE HYDROCHLORIDE; CHEMBL:CHEMBL103583; CHEMBL:CHEMBL1605629; CHEMBL:CHEMBL515505; PHYSODIC ACID; SCLEROTIORIN; OXYPHENBUTAZONE; CHEMBL:CHEMBL1232076; CHEMBL:CHEMBL1701915; MK-1496; CHEMBL:CHEMBL1503729; CHEMBL:CHEMBL1306556; CEFSULODIN SODIUM; VOLASERTIB; CHEMBL:CHEMBL599957; OXIDOPAMINE HYDROCHLORIDE; ELLAGIC ACID; CHEMBL:CHEMBL585628; CHEMBL:CHEMBL599924; PROROXAN HYDROCHLORIDE; CHEMBL:CHEMBL602807; HAEMATOXYLIN; ACID BLUE 129; CHEMBL:CHEMBL1426508; CHEMBL:CHEMBL599098; 4-CHLOROMERCURIBENZOIC ACID; PURPUROGALLIN; CEPHALOCHROMIN; CHEMBL:CHEMBL1519374; CHEMBL:CHEMBL125044; CHEMBL:CHEMBL1707907; TAK-960; CHEMBL:CHEMBL585279; CHEMBL:CHEMBL1451216; PENTOSALEN; CHEMBL:CHEMBL1362503; IMIDACLOPRID; CHEMBL:CHEMBL582478; CHEMBL:CHEMBL592558; SIMVASTATIN; ONVANSERTIB; STAVUDINE; CHEMBL:CHEMBL505670; SOTRASTAURIN; CHEMBL:CHEMBL297304; BENZBROMARONE; CHEMBL:CHEMBL565893; CHEMBL:CHEMBL1255944; CHEMBL:CHEMBL1310701; AROTINOID ACID; CHEMBL:CHEMBL592314; CHEMBL:CHEMBL1489812; ANTISENSE OLIGONUCLEOTIDES; CHEMBL:CHEMBL84281; INAMRINONE; CHEMBL:CHEMBL1310138; (4-CHLOROPHENYL)(MORPHOLINO)METHANETHIONE; DISULFIRAM; LOMOFUNGIN; RIGOSERTIB; TRITIOZINE; 2-HYDROXYESTRADIOL; THIOGUANOSINE; GW843682X; CHEMBL:CHEMBL274921; CAFUSERTIB; CHEMBL:CHEMBL599255; SUCCIMER; NVP-TAE684; POLO-LIKE KINASE 1 INHIBITOR GSK461364; CHEMBL:CHEMBL1871992; LITHOCHOLIC ACID; CHEMBL:CHEMBL118678; CEFAMANDOLE SODIUM; CHEMBL:CHEMBL118378; CHEMBL:CHEMBL535051; CHEMBL:CHEMBL388979; PHOSMET; RG-1530; THIRAM; CHEMBL:CHEMBL119878; OXYTETRACYCLINE ANHYDROUS; CHEMBL:CHEMBL122355; AMORFRUTIN A; IDARUBICIN; CHEMBL:CHEMBL151797; GUTHION; CHEMBL:CHEMBL223575; OLEIC ACID; TOPOTECAN HYDROCHLORIDE; TOSUFLOXACIN TOSYLATE; PENTACHLOROPHENOL; CHEMBL:CHEMBL1242101; CHEMBL:CHEMBL538798; CHEMBL:CHEMBL555260; CRYPTOTANSHINONE; 6-CHLORONICOTINIC ACID; NANAOMYCIN; DIPYRIDAMOLE; CHEMBL:CHEMBL175266; LOBARIC ACID; CHEMBL:CHEMBL590665; ACITRETIN; CHEMBL:CHEMBL548629; MYRICETIN; PROTOPORPHYRIN; LIPID ENCAPSULATED ANTI-PLK1 SIRNA TKM-PLK1; CHEMBL:CHEMBL527584; ERYTHROMYCIN; VANITIOLIDE; DIFFRACTAIC ACID; BETUNOLIC ACID; 2,6-DIMETHOXYQUINONE; CHEMBL:CHEMBL171699; THIMEROSAL; CHEMBL:CHEMBL528373; CHEMBL:CHEMBL462861; NMS-1286937; AMBUNOL; CEFACLOR ANHYDROUS; CHEMBL:CHEMBL530149; CHEMBL:CHEMBL495852; EBSELEN; 2,4-DIHYDROXYBENZOPHENONE; EMBELIN; PHA-767491; HYDROXYZINE PAMOATE; CHEMBL:CHEMBL592124; CHEMBL:CHEMBL585654; CHEMBL:CHEMBL1224755; CHEMBL:CHEMBL1486366; CHEMBL:CHEMBL1363249; 3,4-DICHLOROISOCOUMARIN; CHEMBL:CHEMBL1537417; CHEMBL:CHEMBL582764; CHEMBL:CHEMBL1287980; CHEMBL:CHEMBL1459280; PENTABROMOPHENOL; CHEMBL:CHEMBL184450; HMN-214; GW7647; EUFLAVINE; CHEMBL:CHEMBL421431; CHLORPYRIFOS; OMEPRAZOLE; FLUORESCEIN DIACETATE; HEXACHLOROPHENE; CHEMBL:CHEMBL587449; 1,4-DIMETHOXYANTHRAQUINONE; CHEMBL:CHEMBL1547715; N-OLEOYLDOPAMINE",; inhibitor,DTC; TTD; MyCancerGenome; DTC; TALC; ChEMBL; ChEMBL; NCI; TTD; ChEMBL; TTD; MyCancerGenome; TALC; ChEMBL; TTD; TALC; ChEMBL; TTD; TdgClinicalTrial; TTD; MyCancerGenome; TALC; TdgClinicalTrial; TTD; MyCancerGenome,-1.46627035790145,3.40955048339011e-08,5.20823803490072e-07,Down,Other,TRUE,High
ALOX15,171,171,"PURPURIN; CADMIUM DICHLORIDE; ATHRAQUINONES A; TYRPHOSTIN B48; CHEMBL:CHEMBL241813; TYRPHOSTIN 25; CHEMBL:CHEMBL126804; LENOMORELIN; IRIGENOL; [D-ARG1,D-PHE5,D-TRP7,9,LEU11]SUBSTANCE P; 2',4'-DIHYDROXYCHALCONE; DIHYDROGAMBOGIC ACID; E324; APIOL; PF-6870961; 5,7-DIHYDROXYISOFLAVONE; MASOPROCOL; CHEMBL:CHEMBL56393; METAMIZOLE SODIUM; FLAVANONE; JUGLONE; DACTINOMYCIN; SIBUTRAMINE HYDROCHLORIDE; GINGKOLIC ACID; EHNA; [125I]TYR-ALA-HEXARELIN; PF-05190457; DIENESTROL; L 755507; CITRONELLOL; DITHIOLETHIONE; KOPARIN; GAVESTINEL SODIUM; NEROLIDOL; PSEUDOEPHEDRINE; AM404; FISETIN; HAEMATOXYLIN; ARACHIDONIC ACID; TYRPHOSTIN AG 555; BAICALEIN; SANGUINARIUM; TYRPHOSTIN AG 835; GSK1614343; CUMENE HYDROPEROXIDE; (+/-)-ERIODICTYOL; RHEIN; DEPHOSTATIN; HEXACHLOROPHENE; U73122; EXAMORELIN; LY-255283; CHEMBL:CHEMBL453797; WAY-100135; MERCURIC CHLORIDE; CHOLECALCIFEROL; BIM 28163; L-692,429; PYROGALLOL; APIGENIN; U-0126; GUTHION; LUTEOLIN; BITHIONOLATE SODIUM; LIVER ENRICHED ANTIMICROBIAL PEPTIDE 2; EMBELIN; PYRITHIONE ZINC; LEVONORDEFRIN; PHENYLMERCURIC ACETATE; CHEMBL:CHEMBL151797; CHAULMOOGRIC ACID, ETHYL ESTER; GW5074; (S)-PROMETHAZINE; MYRICETIN; N,N'-DIPHENYL-P-PHENYLENEDIAMINE; FRAXETIN; 2-APB; RELCOVAPTAN; 3-METHOXYCATECHOL; CHEMBL:CHEMBL8328; CHEMBL:CHEMBL601952; CHEMBL:CHEMBL260342; CISPLATIN; 4,4'-DIMETHOXYDALBERGIONE; CHEMBL:CHEMBL122701; HOMIDIUM BROMIDE; SANGUINARINE SULFATE; THYROXINE; GERANIOL; CITRONELLYL ACETATE; POMIFERIN; ZAPRINAST; THIMEROSAL; CHEMBL:CHEMBL220845; CADMIUM ACETATE; YIL781; EBSELEN; PROCARBAZINE; TRICETIN; [125I][TYR4]GHRELIN (HUMAN); CHLORANIL; SM-130,686; 3,4-DIDESMETHYL-5-DESHYDROXY-3'-ETHOXYSCLEROIN; LANSOPRAZOLE; LINOLENIC ACID; BRL50481; GERALDOL; INAMRINONE; TACRINE; SCH 58261; GHRP-6; [3H]GBR12935; FENTICLOR; CHEMBL:CHEMBL598663; CHEMBL:CHEMBL184450; DEOXYVASICINONE; QUERCETIN; QUINALIZARIN; PTAEROXYLIN; E319; CATECHIN; CAFFEIC ACID PHENETHYL ESTER; CHEMBL:CHEMBL67535; AURINTRICARBOXYLIC ACID; BITHIONOL; CHEMBL:CHEMBL580851; PURPUROGALLIN; 4-METHOXYDALBERGIONE; PHENOTHIAZINE; LUFENURON; CHEMBL:CHEMBL238624; CHEMBL:CHEMBL222993; MK-886; CHEMBL:CHEMBL592124; WFW-ISN-NH2; ABBOTT 14C; DALBERGIONE, 4-METHOXY-4'-HYDROXY-; RO31-8220; RS-17053; DICHLOROPHEN; 7,8-DIHYDROXYFLAVONE; BISABOLOL; NONIVAMIDE; TYRPHOSTIN 47; FEXOFENADINE HYDROCHLORIDE; CHEMBL:CHEMBL1341830; SILVER SULFADIAZINE; CHEMBL:CHEMBL602213; IBUTAMOREN; N-ARACHIDONOYLGLYCINE; DL-TRYPTOPHAN; [35S]IBUTAMOREN; CHEMBL:CHEMBL222556; CHEMBL:CHEMBL68534; MACIMORELIN; [125I][HIS9]GHRELIN (HUMAN); ZIRAM; 2-IODOACETAMIDE; DAPHNETIN; LINOLEIC ACID; 4-CHLOROMERCURIBENZOIC ACID; CHEMBL:CHEMBL154580; CHEMBL:CHEMBL601528; N-OLEOYLDOPAMINE; ETHOPROPAZINE HYDROCHLORIDE; (+)-EPITAXIFOLIN; CATECHOL; CHEMBL:CHEMBL1481974; HM01; JMV3008; IRIGINOL HEXAACEATATE",; agonist; inhibitor; agonist; modulator,DTC; GuideToPharmacology,-1.13077185699746,9.09097143653389e-05,0.000392251783714152,Down,Other,TRUE,High
PTGS2,117,117,"CARPROFEN; INDOMETHACIN SODIUM; DARBUFELONE; MEFENAMIC ACID; MECLOFENAMATE SODIUM; DICLOFENAC SODIUM; CAPECITABINE; PIRPROFEN; ESFLURBIPROFEN; SULFASALAZINE; BROMFENAC; IBUPROFEN, SODIUM SALT; ALOXIPRIN; TENOXICAM; FLURBIPROFEN; SALICYLIC ACID; ATENOLOL; DEXKETOPROFEN; ETORICOXIB; LUMIRACOXIB; SUPROFEN; NS-398; NABUMETONE; URSOLIC ACID; IBUPROFEN LYSINE; ACECLOFENAC; IBUFENAC; BALSALAZIDE; DIFLUNISAL; BALSALAZIDE DISODIUM; VACCINE; KETOROLAC TROMETHAMINE; BENZYDAMINE HYDROCHLORIDE; TIAPROFENIC ACID; RALOXIFENE HYDROCHLORIDE; NAPROXCINOD; IGURATIMOD; ETODOLAC; DICLOFENAC ETALHYALURONATE SODIUM; ROFECOXIB; OXAPROZIN POTASSIUM; LORNOXICAM; IMRECOXIB; SULINDAC SULFIDE; CIMICOXIB; TOLMETIN; LICOFELONE; FLURBIPROFEN SODIUM; MELOXICAM; SALSALATE; INDOMETHACIN; DICLOFENAC EPOLAMINE; RESERPINE; AMINOSALICYLIC ACID; TOLMETIN SODIUM; ROBENACOXIB; NIFLUMIC ACID; APRICOXIB; APAZONE; FENCLOFENAC; BISMUTH SUBSALICYLATE; TIGEMOCOXIB; CURCUMIN; THALIDOMIDE; VEDAPROFEN; NITRIC OXIDE-RELEASING ACETYLSALICYLIC ACID DERIVATIVE; OXAPROZIN; KETOPROFEN; (R)-IBUPROPHEN; RWJ-67657; POLMACOXIB; INDOPROFEN; NEPAFENAC; PIROXICAM-BETA-CYCLODEXTRIN; GW-406381; FENBUFEN; GLAFENINE; ENFLICOXIB; NAPROXEN ETEMESIL; DICLOFENAC POTASSIUM; DIPYRONE; OMEGA-3 FATTY ACIDS; CURCUMIN PYRAZOLE; ISOXICAM; OLSALAZINE SODIUM; FLUFENAMIC ACID; BENZYDAMINE; MAVACOXIB; VB-201; MECLOFENAMATE; NIMESULIDE; OXALIPLATIN; OXYPHENBUTAZONE; HYDROXYCHLOROQUINE; SULINDAC; E163; ACEMETACIN; CYCLOSPORINE; TEPOXALIN; PHENYLBUTAZONE; CELECOXIB; NAPROXEN SODIUM; CHEMBL:CHEMBL2171117; FIROCOXIB; ACETAMINOPHEN; DEXIBUPROFEN; CLOMETACIN; LOXOPROFEN; DERSALAZINE; PARECOXIB SODIUM; MESALAMINE; FENOPROFEN; VALDECOXIB; PARECOXIB; FENOPROFEN CALCIUM; BROMFENAC SODIUM; ASPIRIN",inhibitor; ,TEND; TTD; TdgClinicalTrial; ChEMBL; ChEMBL; TTD; TTD; ChEMBL; TEND; TdgClinicalTrial; PharmGKB; ChEMBL; PharmGKB; TdgClinicalTrial; ChEMBL; TEND; TdgClinicalTrial; TEND; TTD; TdgClinicalTrial; TEND; TTD; TdgClinicalTrial; DTC; ChEMBL; TEND; TTD; TdgClinicalTrial; PharmGKB; ChEMBL; TEND; TdgClinicalTrial; ChEMBL; DTC; TdgClinicalTrial; NCI; TTD; TdgClinicalTrial; PharmGKB; ChEMBL; TTD; TdgClinicalTrial; ChEMBL; TEND; TTD; PharmGKB; DTC; ChEMBL; TTD; TdgClinicalTrial; TTD; DTC; TTD; MyCancerGenomeClinicalTrial; TdgClinicalTrial; ChEMBL; DTC; ChEMBL; TTD; PharmGKB; DTC; ChEMBL; TEND; CIViC; TdgClinicalTrial; ChEMBL,-1.09400659544322,0.00259641891133798,0.00692121959914592,Down,Other,TRUE,High
TOP2A,117,117,DIGITOXIN; CHEMBL:CHEMBL596082; NEMORUBICIN; CHEMBL:CHEMBL1080077; TRICITRINOL B; AMONAFIDE; EPIRUBICIN; TAS-103; ELINAFIDE; PEFLOXACIN; FLEROXACIN; VOSAROXIN; IDARUBICIN; GEPOTIDACIN; SECAUBRYOLIDE; ELSAMITRUCIN; CHEMBL:CHEMBL2332128; FISETIN; GENISTEIN; ROSOXACIN; DOXORUBICIN HYDROCHLORIDE; DAUNORUBICIN LIPOSOMAL; CAMPTOTHECIN; TENIPOSIDE; NOVOBIOCIN; UNGEREMINE; PAZUFLOXACIN; DEXRAZOXANE; ETOPOSIDE; CHEMBL:CHEMBL2023733; TIRAPAZAMINE; DACTINOMYCIN; CHEMBL:CHEMBL594259; CHEMBL:CHEMBL2171781; BECATECARIN; CAELYX; PODOFILOX; BROXURIDINE; ANTHRACYCLINE ANTINEOPLASTIC ANTIBIOTIC; FLUOROURACIL; PIXANTRONE; SIMOCYCLINONE D8; BETULIN; CHEMBL:CHEMBL2171794; ACRIDINE CARBOXAMIDE; ACLARUBICIN; KAEMPFERITRIN; CHEMBL:CHEMBL593570; DANIQUIDONE; DAUNORUBICIN CITRATE; AMRUBICIN; ETOPOSIDE PHOSPHATE; DEXRAZOXANE HYDROCHLORIDE; DOXORUBICIN-MAGNETIC TARGETED CARRIER COMPLEX; DOXORUBICIN-HPMA CONJUGATE; LOMEFLOXACIN; ELLIPTECINE; AMSACRINE; CHEMBL:CHEMBL2332126; CHEMBL:CHEMBL507986; CHEMBL:CHEMBL1773343; AMRUBICIN HYDROCHLORIDE; CHEMBL:CHEMBL594153; LUPEOL; GRC-6211; LYCOBETAINE; CHEMBL:CHEMBL2332127; HYDROQUINONE; ENOXACIN; VINCRISTINE; DEMETHYLZEYLASTERONE; CINOXACIN; 4'-O-ACETYLPATENTIFLORIN B; MAKALUVAMINE E; IDRONOXIL; DTS-201; CHEMBL:CHEMBL594695; TAFLUPOSIDE; ANNAMYCIN LIPOSOMAL; DIAZIRINE; MAKALUVAMINE A; BERUBICIN; MAKALUVAMINE F; ETOPOSIDE TONIRIBATE; QUERCETIN; CHEMBL:CHEMBL594257; CHEMBL:CHEMBL607534; DIPHYLLIN; MITOXANTRONE HYDROCHLORIDE; FRANGULIN B; CHEMBL:CHEMBL594379; CHEMBL:CHEMBL244268; MYRICETIN; 13-DEOXYDOXORUBICIN; LUCANTHONE; PYRAZOLOACRIDINE; NALIDIXIC ACID; FLUOROQUINOLONE ANTIBIOTIC; C-1311; OLEANDEROLIDE; RTA 744; DOXORUBICIN-ELUTING BEADS; ADRIAMYCIN; L-377202; CARINATIN G; DAUNORUBICIN HYDROCHLORIDE; BERUBICIN HYDROCHLORIDE; SABARUBICIN; MAKALUVAMINE C TFA SALT; GANCOTAMAB; ALDOXORUBICIN; MITOXANTRONE; VALRUBICIN; FLUOROQUINOLONE; PACLITAXEL; HURATOXIN; CHEMBL:CHEMBL2171812,; inhibitor,DTC; TTD; TdgClinicalTrial; DTC; TEND; TTD; TdgClinicalTrial; PharmGKB; TTD; TdgClinicalTrial; ChEMBL; TEND; TTD; TdgClinicalTrial; ChEMBL; ClearityFoundationClinicalTrial; TEND; TTD; TdgClinicalTrial; DTC; ChEMBL; NCI; TdgClinicalTrial; DTC; ChEMBL; NCI; TEND; TTD; NCI; TdgClinicalTrial; ChEMBL; ChEMBL; TTD; NCI; ChEMBL; TEND; TTD; NCI; CIViC; TdgClinicalTrial; DTC; ChEMBL; TdgClinicalTrial; ChEMBL; ClearityFoundationBiomarkers; TEND; TTD; TdgClinicalTrial; CGI; NCI; PharmGKB; TTD; CIViC; TTD; NCI; CIViC; DTC; ChEMBL; ClearityFoundationClinicalTrial; TdgClinicalTrial; TEND; TTD; NCI; TdgClinicalTrial,-1.50532885668916,2.64358859169293e-07,2.76066872174653e-06,Down,DNA Repair/Replication,TRUE,High
MET,100,104,MK-2461; PF-04217903; CABOZANTINIB S-MALATE; CAPMATINIB; GLESATINIB; CRIZOTINIB; TEPOTINIB; AMUVATINIB; ANTI-C-MET MONOCLONAL ANTIBODY SAIT301; BMS-777607; CMX-2043; AMG-337; DACTOLISIB; MET TYROSINE KINASE INHIBITOR SGX523; ERLOTINIB; FORETINIB; AMG-208; ONARTUZUMAB; TIVANTINIB; BMS-698769; MERESTINIB; CETUXIMAB; GEFITINIB; PAZOPANIB; SAVOLITINIB; ALTIRATINIB; EPICATECHIN GALLATE; EPIGALLOCATECHIN-3-GALLATE; EMD-1204831; EMIBETUZUMAB; EUCALYPTIN A; VEBRELTINIB; OSIMERTINIB; OLEOCANTHAL; ROCILETINIB; ENTRECTINIB; JNJ-38877605; YUANHUADINE; JNJ-7706621; BPI-9016; TELISOTUZUMAB; SU11274; SP-600125; EMB-01; PALBOCICLIB; ILORASERTIB; ANTI-MET MONOCLONAL ANTIBODY MIXTURE SYM015; GALLOCATECHIN GALLATE; BEPERMINOGENE PERPLASMID; CENISERTIB; MK-8033; CHEMBL:CHEMBL1997335; TAMATINIB; TEREVALEFIM; CP-547632; SAR-125844; C-MET INHIBITOR AMG 337; GOLVATINIB; PAMUFETINIB; TYROSOL SINAPATE; CAPMATINIB HYDROCHLORIDE; PF-562271; CEP-11981; SITRAVATINIB; CRENOLANIB; NVP-TAE684; ANTI-EGFR MONOCLONAL ANTIBODY; C-MET INHIBITOR; PEMBROLIZUMAB; CYC-116; SELUMETINIB; VEMURAFENIB; MACROCARPAL A; METATINIB; LINIFANIB; C-MET INHIBITOR MK2461; CHEMBL:CHEMBL546797; PANITUMUMAB; PD-0166285; BMS-754807; AMIVANTAMAB; MITOGEN-ACTIVATED PROTEIN KINASE KINASE INHIBITOR; LAPATINIB; ZM447439; MACROCARPAL B; C-MET INHIBITOR AMG 208; SNS-314; TELISOTUZUMAB VEDOTIN; CHEMBL:CHEMBL399530; TEPOTINIB HYDROCHLORIDE; APRATOXIN F; TRAMETINIB DIMETHYL SULFOXIDE; ANTI-MET/EGFR MONOCLONAL ANTIBODY LY3164530; NINGETINIB; SGX-523; BAY 61-3606; BMS-817378; TRASTUZUMAB; PHA-665752; ARRY-300,inhibitor; ; inhibitor; antibody; antibody; inhibitor; agonist; binder,TTD; MyCancerGenome; ChEMBL; MyCancerGenome; DTC; ChEMBL; COSMIC; ClearityFoundationClinicalTrial; CGI; TTD; MyCancerGenomeClinicalTrial; MyCancerGenome; CIViC; TdgClinicalTrial; ClearityFoundationBiomarkers; OncoKB; CancerCommons; TALC; ChEMBL; TTD; MyCancerGenome; CIViC; PharmGKB; OncoKB; CancerCommons; TALC; ChEMBL; COSMIC; MyCancerGenome; TdgClinicalTrial; CancerCommons; TALC; ChEMBL; CGI; TTD; MyCancerGenomeClinicalTrial; MyCancerGenome; CIViC; DoCM; TdgClinicalTrial; ClearityFoundationBiomarkers; PharmGKB; OncoKB; TALC; ChEMBL; COSMIC; TTD; MyCancerGenome; CIViC; PharmGKB; DTC; ChEMBL; MyCancerGenome; TdgClinicalTrial; TALC; ChEMBL; CIViC; TTD; ChEMBL; DTC; TTD; TdgClinicalTrial; TALC; PharmGKB; OncoKB; DTC; TTD; MyCancerGenome; CIViC; TdgClinicalTrial; CancerCommons; TALC; ChEMBL; MyCancerGenome; CIViC; TdgClinicalTrial; CancerCommons; TALC; ChEMBL; TTD; MyCancerGenomeClinicalTrial; MyCancerGenome; TdgClinicalTrial; CancerCommons; TALC; ChEMBL; TTD; ChEMBL; CIViC; OncoKB; DTC; CGI; TTD; CIViC; ChEMBL; COSMIC; TTD; MyCancerGenome; TALC; ChEMBL; CGI; OncoKB; CGI; MyCancerGenomeClinicalTrial; MyCancerGenome; TALC; CGI; CIViC; TTD; TALC,-1.1235255060559,2.80216579944867e-05,0.000143723445369262,Down,Kinase,TRUE,High
BRCA1,94,94,DOXORUBICIN HYDROCHLORIDE; VELIPARIB; NILE RED; EUFLAVINE; CHEMBL:CHEMBL546649; NIRAPARIB; THERAPEUTIC HORMONE; PLATINUM COMPOUND; QUARFLOXIN; SEMUSTINE; TALAZOPARIB; CHEMBL:CHEMBL1709259; CARBOPLATIN; CHEMBL:CHEMBL316796; CHEMBL:CHEMBL1998001; PHENAMIL METHANESULFONATE; GAMMA-FAGARINE; CHEMBL:CHEMBL12658; CALYCOSIN; TAMOXIFEN; PACLITAXEL; CHEMBL:CHEMBL1574420; WISTIN; GLABRIDIN; AURINTRICARBOXYLIC ACID; DIMETHYL YELLOW; CHEMBL:CHEMBL589207; CHEMBL:CHEMBL1333798; CHEMBL:CHEMBL446567; PARP/TANKYRASE INHIBITOR 2X-121; DIPYRIDAMOLE; CISPLATIN; EMODIN; CHEMBL:CHEMBL588683; DAIDZIN; 2-PHENYLQUINOLINE; RUCAPARIB; PIFEXOLE; ILEPCIMIDE; CHEMBL:CHEMBL593254; VINORELBINE; CHEMBL:CHEMBL1404865; CHEMBL:CHEMBL1320798; CHEMBL:CHEMBL581910; DAUNORUBICIN HYDROCHLORIDE; CHRYSIN DIMETHYL ETHER; TANSHINONE IIA SULFONATE; CHEMBL:CHEMBL114544; CHEMBL:CHEMBL581929; CHEMBL:CHEMBL1078244; CHEMBL:CHEMBL1214407; CHEMBL:CHEMBL546865; CHEMBL:CHEMBL1405979; CHEMBL:CHEMBL153505; VITAMIN B2; MITOMYCIN; CHEMBL:CHEMBL588525; CHEMBL:CHEMBL600315; CHEMBL:CHEMBL1420181; 7-HYDROXY ISOFLAVONE; DEPHOSTATIN; TIAPROFENIC ACID; 6-HYDROXYFLAVONE; RIBOFLAVIN; PURPURIN; APIGENIN; MITOXANTRONE; CHEMBL:CHEMBL1481721; THIABENDAZOLE; CEDIRANIB; SB 204741; BLEOMYCIN; RESVERATROL; THUNBERGINOL E; CHEMBL:CHEMBL273891; CHEMBL:CHEMBL587620; CHEMBL:CHEMBL484663; HARMALOL; PHYTOESTROGEN; CHEMBL:CHEMBL1308677; PIPERINE; OLAPARIB; IROFULVEN; 7-HYDROXYFLAVONE; QUINALIZARIN; ANTHRACYCLINE ANTINEOPLASTIC ANTIBIOTIC; PIDNARULEX; OXALIPLATIN; GEMCITABINE; CHEMBL:CHEMBL66279; CHEMBL:CHEMBL452954; VU0001171; SACITUZUMAB GOVITECAN; ONONIN,"",NCI; DTC; CGI; CIViC; ClearityFoundationBiomarkers; DTC; ClearityFoundationBiomarkers; PharmGKB; OncoKB; NCI; CIViC; CIViC; ClearityFoundationBiomarkers; PharmGKB; OncoKB; CIViC; ClearityFoundationBiomarkers; NCI; PharmGKB; ClearityFoundationBiomarkers; CGI; NCI; CIViC; ClearityFoundationBiomarkers; CGI; CIViC; ClearityFoundationBiomarkers; PharmGKB; OncoKB; NCI; CIViC; PharmGKB,-1.0282664899105,1.37581070250837e-08,2.48357803161357e-07,Down,Other,TRUE,High
CYP3A5,90,90,"BUPRENORPHINE; FENOFIBRATE MICRONIZED; LOSARTAN POTASSIUM; LANSOPRAZOLE; PROPOXYPHENE; VARDENAFIL; ETHINYL ESTRADIOL; ONDANSETRON HYDROCHLORIDE; ITRACONAZOLE; ZOLPIDEM TARTRATE; IBUPROFEN, SODIUM SALT; MEPERIDINE HYDROCHLORIDE; PAREGORIC; PREDNISOLONE; NIMODIPINE; OXYMORPHONE; CLOPIDOGREL; TESTOSTERONE; CHLORPHENIRAMINE POLISTIREX; IMATINIB; PHENYTOIN SODIUM; NIFEDIPINE; GEFITINIB; FLUCONAZOLE; MARAVIROC; PRASUGREL; HYDROCODONE; HYDROXYCHLOROQUINE; LIOTHYRONINE; ARTEMETHER; CYCLOBENZAPRINE; MEDROXYPROGESTERONE; CABAZITAXEL; LOVASTATIN; AMIODARONE HYDROCHLORIDE; FLECAINIDE ACETATE; RIFAMPIN; ISOPROPYL ALCOHOL; TRETINOIN; TESMILIFENE; MONTELUKAST SODIUM; ALPRAZOLAM; COBICISTAT; WARFARIN; PACLITAXEL; RITONAVIR; KETOCONAZOLE; CLOMIPRAMINE; SIMVASTATIN; GRANISETRON; MYCOPHENOLATE; APIXABAN; MELOXICAM; AMPRENAVIR; OMEPRAZOLE; ARTEMOTIL; LAPATINIB; FELODIPINE; CLINDAMYCIN; ESOMEPRAZOLE SODIUM; RIVAROXABAN; HYDROMORPHONE HYDROCHLORIDE; DABIGATRAN; SIBUTRAMINE; ESZOPICLONE; LORATADINE; CELECOXIB; PANTOPRAZOLE SODIUM; PROGESTERONE; EDOXABAN; GABAPENTIN; CILOSTAZOL; ATROPINE; ERLOTINIB; 4-HYDROXYCYCLOPHOSPHAMIDE; SALMETEROL; DOLUTEGRAVIR SODIUM; LENVATINIB; PITAVASTATIN; ISOTRETINOIN; HYDROXYZINE; FLUTICASONE; TERAZOSIN; CARBOPLATIN; CARBAMAZEPINE; CYCLOSPORINE; TRIAZOLAM; TADALAFIL; PREDNISONE; CLARITHROMYCIN",; inhibitor,PharmGKB; NCI; DTC; FDA; PharmGKB; DTC; TdgClinicalTrial; ChEMBL,1.83623240320563,2.64149662726602e-09,6.66779765643498e-08,Up,Other,TRUE,High
BIRC5,87,88,"GENISTEIN; EPOETIN ALFA; FLUOROURACIL; PTHRP-(1-34) (HUMAN); LY2181308; [ILE5]PTHRP-(1-36); PTH-(1-34) (RAT); TRETINOIN; AS101; TIP39-(7-39) (MOUSE); EPIRUBICIN; MYCOPHENOLATE; [HIS5]PTH-(1-34) (HUMAN); [ILE5,TRP23,TYR36]PTHRP-(1-36)-NH2 (HUMAN); TRASTUZUMAB; INTERLEUKIN-11; [ILE5,TRP23]PTHRP-(1-36) (HUMAN); TIP39; PTHRP-(1-21)/PTH-(22-34) (HUMAN); VORINOSTAT; [125I][NLE8,21,TYR34]PTH-(1-34)-NH2 (RAT); IAP INHIBITOR HGS1029; DEXAMETHASONE; DOXORUBICIN HYDROCHLORIDE; OMACETAXINE MEPESUCCINATE; TIP39-(7-39) (HUMAN/BOVINE); ARSENIC TRIOXIDE; IL-12; [D-TRP12,TYR34]PTH-(7-34) (BOVINE); ROFECOXIB; CAMPTOTHECIN; SEPANTRONIUM BROMIDE; STAUROSPORINE; [TRP23]PTHRP-(1-36) (HUMAN); TERIPARATIDE; CALCITONIN; VALDECOXIB; [ILE5,TRP23]PTHRP-(2-36) (HUMAN); IMATINIB; SURVAXM; ANTIOXIDANT; PROTEASOME INHIBITOR; DOCETAXEL ANHYDROUS; LONAFARNIB; ERLOTINIB; INTERFERON BETA-1A; [TRP23,TYR36]PTHRP-(1-36)-NH2 (HUMAN); [ILE5,TRP23]PTHRP-(5-36); PLICAMYCIN; RAS INHIBITOR; INDOMETHACIN; PACLITAXEL; SURVIVIN MRNA ANTAGONIST EZN-3042; PLATINUM COMPOUND; FLUTAMIDE; PTHRP-(1-36); ANTINEOPLASTIC VACCINE; MAVEROPEPIMUT-S; CISPLATIN; [ILE5,TRP23]PTHRP-(4-36) (HUMAN); RESVERATROL; [D-TRP12]PTH-(7-34) (BOVINE); PLEVITREXED; ACELLULAR DERMAL MATRIX; COMPOUND III [PMID: 24080463]; TETRADECANOYLPHORBOL ACETATE; [PHE23]PTH-(1-34) (HUMAN); UCN-01; [ILE5,TRP23]PTHRP-(3-36) (HUMAN); RECOMBINANT INTERLEUKIN-1; PRASTERONE; CYTARABINE; LAPATINIB; NONSTEROIDAL ANTIINFLAMMATORY DRUG; TRAIL; IRINOTECAN HYDROCHLORIDE; PTHRP-(7-34) (HUMAN, RAT, MOUSE); PD-98059; CARBOPLATIN; DACTINOMYCIN; SVN53-67/M57-KLH PEPTIDE VACCINE; ENZYME INHIBITOR; METHOTREXATE; [ILE5,TRP23]PTHRP-(5-36) (HUMAN); ROMIDEPSIN; SULINDAC; GM-CSF",; agonist; inhibitor; vaccine,NCI; GuideToPharmacology; TdgClinicalTrial; TALC; NCI; CIViC; TdgClinicalTrial; TALC; TTD; ClearityFoundationBiomarkers; NCI; ClearityFoundationBiomarkers; CIViC; ChEMBL; NCI; PharmGKB,-1.51305714443523,3.87171341021686e-09,9.04193179612804e-08,Down,Other,TRUE,High
CXCL8,82,82,"VITAMIN A; FENTANYL CITRATE; ALPRAZOLAM; FENRETINIDE; RIBAVIRIN; RECOMBINANT INTERLEUKIN-1; CIDOFOVIR ANHYDROUS; DIPYRIDAMOLE; TROGLITAZONE; LANSOPRAZOLE; IONOMYCIN; E319; CEFTRIAXONE; CHLORDANE; FOSCARNET; ADAKITUG; DANAZOL; D-ALPHA-TOCOPHEROL ACETATE; DICYCLOHEXYLCARBODIIMIDE; RO 31-8220; BEVACIZUMAB; BROXURIDINE; TRETINOIN; ALL-TRANS-RETINAL; METHIMAZOLE; DEOXYSPERGUALIN; PAZOPANIB; OMEPRAZOLE; ALPHA-TOCOPHEROL ACETATE; MEDROXYPROGESTERONE ACETATE; ASPIRIN; TETRADECANOYLPHORBOL ACETATE; PENTOXIFYLLINE; PYROGALLOL; KLEBSIELLA PNEUMONIAE GLYCOPROTEIN; ABX-IL8; FLUOROURACIL; BIOFLAVONOID; LEFLUNOMIDE; QUESTIOMYCIN B; IBUPROFEN, SODIUM SALT; NAPROXEN SODIUM; PAMIDRONATE; METHYLENE BLUE ANHYDROUS; BINETRAKIN; COLCHICINE; DACARBAZINE; MANNOSE-BINDING LECTIN; SUNITINIB; DINITRO CRESOL; HISTONE DEACETYLASE INHIBITOR; CLARITHROMYCIN; ALDRIN; 13-CIS-RETINAL; ACETAMINOPHEN; MDX-018; RECOMBINANT INTERFERON ALFA; PACLITAXEL; HARMINE HYDROCHLORIDE; CANERTINIB DIHYDROCHLORIDE; ALUMINUM HYDROXIDE; TERFENADINE; DICHLORVOS; VERAPAMIL; TALC; GP-120 ANTIGEN; YANGONIN; ACE INHIBITOR; MIDAZOLAM HYDROCHLORIDE; CHEMBL:CHEMBL1902074; ANTIDEPRESSANT AGENT; CYCLOPHOSPHAMIDE ANHYDROUS; RECOMBINANT LYMPHOTOXIN BETA; RECOMBINANT CYTOKINE; ENDOSULFAN; PROTECTIVE AGENT; CORONOPILIN; HEPTACHLOR; EMODIN; RANIBIZUMAB; CETUXIMAB; HYDROQUINONE",; inhibitor,DTC; NCI; ChEMBL; PharmGKB; TTD; ChEMBL; TTD; NCI; DTC,-3.23147363022578,5.71918319514114e-06,3.75458666363048e-05,Down,Other,TRUE,High
PDGFRB,79,79,IMATINIB; REGORAFENIB; PETROSIOL A; BECAPLERMIN; RINUCUMAB; ENMD-981693; SORAFENIB; MASITINIB; PAZOPANIB; TIVOZANIB HYDROCHLORIDE; TOZASERTIB; TELATINIB; MOTESANIB; PD-0166285; SU-014813; X-82; RABEPRAZOLE; ILORASERTIB; XL999; SUNITINIB; LEUCOVORIN CALCIUM; RG-1530; ROMIPLOSTIM; MK-2461; CATEQUENTINIB; PEGPLERANIB SODIUM; TAMATINIB; CP-547632; CRENOLANIB; TG100-801; AXITINIB; IRINOTECAN HYDROCHLORIDE; TAK-593; TOCERANIB PHOSPHATE; XL-999; AST-487; FAMITINIB; CM-082; LENVATINIB; FLUOROURACIL; XL820; CHEMBL:CHEMBL546797; VANDETANIB; PUQUITINIB MESYLATE DIHYDRATE; BARASERTIB-HQPA; DORAMAPIMOD; PONATINIB; QUIZARTINIB; MIDOSTAURIN; AMUVATINIB; VARGATEF; DOVITINIB LACTATE; HESPERADIN; BEVACIZUMAB; CENISERTIB; SNS-314; FORETINIB; RIPRETINIB; BARASERTIB; ORANTINIB; JI-101; CEP-2563 DIHYDROCHLORIDE; NVP-TAE684; VATALANIB; NINTEDANIB ESYLATE; PAZOPANIB HYDROCHLORIDE; CEDIRANIB; TANDUTINIB; LINIFANIB; PF-562271; NILOTINIB; XL-820; SOTRASTAURIN; DOVITINIB; SERALUTINIB; TRAPIDIL; PP2; DASATINIB ANHYDROUS; CDP-860,inhibitor; ; agonist,TEND; TTD; TdgClinicalTrial; PharmGKB; OncoKB; DTC; TALC; ChEMBL; FDA; MyCancerGenomeClinicalTrial; MyCancerGenome; TALC; ChEMBL; DTC; TEND; TTD; TdgClinicalTrial; ChEMBL; ChEMBL; ClearityFoundationClinicalTrial; TEND; TTD; MyCancerGenomeClinicalTrial; MyCancerGenome; TdgClinicalTrial; PharmGKB; DTC; TALC; ChEMBL; MyCancerGenomeClinicalTrial; TdgClinicalTrial; ChEMBL; ClearityFoundationClinicalTrial; MyCancerGenomeClinicalTrial; MyCancerGenome; DTC; TALC; ChEMBL; TTD; MyCancerGenome; TdgClinicalTrial; TALC; ChEMBL; MyCancerGenome; TdgClinicalTrial; TALC; ChEMBL; DTC; ChEMBL; TTD; MyCancerGenome; ChEMBL; TTD; TdgClinicalTrial; TALC; TEND; MyCancerGenome; CIViC; TdgClinicalTrial; PharmGKB; TALC; ChEMBL; PharmGKB; TdgClinicalTrial; MyCancerGenome; TdgClinicalTrial; TALC; TTD; ChEMBL; TALC; MyCancerGenome; TALC; ChEMBL; TdgClinicalTrial; DTC; TALC; ChEMBL; ClearityFoundationClinicalTrial; TTD; MyCancerGenome; TdgClinicalTrial; ChEMBL; DTC; TALC; ChEMBL; MyCancerGenome; DTC; ChEMBL; MyCancerGenome; TdgClinicalTrial; DTC; TALC; ChEMBL; MyCancerGenomeClinicalTrial; ClearityFoundationClinicalTrial; TdgClinicalTrial; DTC; TALC; ChEMBL; TEND; MyCancerGenomeClinicalTrial; TdgClinicalTrial; DTC; TALC; ChEMBL,-1.45032194626838,1.85997217342246e-05,0.000101197403897699,Down,Kinase,TRUE,High
AURKB,65,66,CYC-116; DACTOLISIB; TOZASERTIB LACTATE; AT9283; TOZASERTIB; ALISERTIB; BARASERTIB; MK-6592; CHEMBL:CHEMBL546797; KW-2449; TAK-901; PF-03814735; AMG-900; CENISERTIB; LINIFANIB; BMS-754807; DANUSERTIB; SP-600125; KENPAULLONE; GSK1070916; BAY 61-3606; AR-AO-14418; PD-0166285; DOVITINIB; WITHAFERIN A; GSK-269962A; GO-6976; AURORA B/C KINASE INHIBITOR GSK1070916A; BARASERTIB-HQPA; NERVIANO; EUPATORIN; TTP-607; JNJ-7706621; SORAFENIB; CHEMBL:CHEMBL379975; NVP-TAE684; CP-547632; CHEMBL:CHEMBL535331; GW441756X; HESPERADIN; COPANLISIB; AT-9283; MK-5108; CEDIRANIB; IBCASERTIB; PF-562271; ENMD-2076; BI-811283; VANDETANIB; FASUDIL; ENTRECTINIB; LAS38096; BI-847325; PAZOPANIB; ZM447439; LAPATINIB; SNS-314; BMS-345541; BELUMOSUDIL; CYC116; AURORA KINASE INHIBITOR AMG 900; ERLOTINIB; MLN-8054; ILORASERTIB; DASATINIB ANHYDROUS,inhibitor; ,DTC; ChEMBL; DTC; TTD; TTD; MyCancerGenome; TdgClinicalTrial; TALC; TdgClinicalTrial; DTC; TALC; ChEMBL; CIViC; DTC; MyCancerGenome; CIViC; DTC; TALC; ChEMBL; ChEMBL; TTD; ChEMBL; MyCancerGenome; TALC; ChEMBL; ClearityFoundationClinicalTrial; MyCancerGenome; TALC; TTD; MyCancerGenome; TdgClinicalTrial; TALC; ChEMBL; TTD; MyCancerGenome; TALC; ChEMBL; TTD; DTC; CIViC; TTD; MyCancerGenome; TTD; MyCancerGenome; TdgClinicalTrial; ChEMBL; TTD; TdgClinicalTrial; TALC; TTD; DTC; ChEMBL,-1.43361714152902,4.33876567242019e-08,6.30707475935571e-07,Down,Other,TRUE,High
APOE,58,58,"TRIAMCINOLONE; AZ7188; PRAVASTATIN SODIUM; LUTEIN; TRETINOIN; LECANEMAB; PHYTOSTEROL; BUTHIONINE SULFOXIMINE; P2PAL18S; THERAPEUTIC CORTICOSTEROID; VITAMIN E; AZ2429; GB88; IRBESARTAN; SLIGKV-NH2; STAUROSPORINE; TROGLITAZONE; AEM-28; TRANS-CINNAMOYL-LIGRLO [N-[3H]PROPIONYL]-NH2; ACE INHIBITOR; I-191; AZ3451; CN-105; RECOMBINANT CYTOKINE; 2-FUROYL-LIGRL[N[3H]PROPIONYL]-O-NH2; FENOFIBRATE MICRONIZED; DONEPEZIL; AC-98170; HUMAN CHORIONIC GONADOTROPIN; GALANTAMINE; NICOTINE POLACRILEX; I-287; ANTIDEPRESSANT AGENT; ISOX-CHA-CHG-ALA-ARG-DPR(4FB)-NH2; GANCICLOVIR; C391; IMMUNOSUPPRESSANT; AZ8838; 2-FUROYL-LIGRL[N-(ALEXA FLUOR 594)-O]-NH2; ISOX-CHA-CHG-ARK(SULFO-CY5)-NH2; AY77; AC-55541; AC264613; [3H]2-FUROYL-LIGRL-NH2; 2-FUROYL-LIGRLO-AMIDE; GB110; BUPROPION HYDROCHLORIDE; RIVASTIGMINE; NORETHINDRONE ACETATE; PREDNISONE; SLIGRL-NH2; GINKGO BILOBA EXTRACT; SOYBEAN SEED OIL; BENZO(A)PYRENE-7,8-DIOL 9,10-EPOXIDE; FLUVASTATIN; SOY PROTEIN ISOLATE; RITONAVIR; LORAZEPAM",; inhibitor; agonist; modulator,NCI; GuideToPharmacology; PharmGKB; TTD,-1.9909330624849,1.20295253067611e-06,1.00216732514172e-05,Down,Other,TRUE,High
AURKA,57,58,VIC 1911; CENISERTIB; BI-847325; GSK-269962A; XL228; BETA-CARBOLINE; AMG-900; PF-03814735; ALISERTIB; ENMD-981693; PLATINUM COMPOUND; ANACARDIC ACID; GO-6976; CYC-116; CYC116; PAZOPANIB; SNS-314; CHEMBL:CHEMBL546797; AT9283; DANUSERTIB; NVP-TAE684; DIMETHYLADENINE; ALISERTIB SODIUM; TAMOXIFEN; NERVIANO; TOZASERTIB; PF-562271; MLN8054; KENPAULLONE; TOZASERTIB LACTATE; CHEMBL:CHEMBL578061; MLN-8054; JNJ-7706621; ENTRECTINIB; CP-547632; TAMATINIB; HESPERADIN; ILORASERTIB; RG-1530; AURORA A KINASE INHIBITOR MK5108; KW-2449; GW441756X; ZM447439; MK-5108; MK-6592; PACLITAXEL; BARASERTIB-HQPA; AURORA KINASE INHIBITOR AMG 900; TTP-607; AST-487; BARASERTIB; FLUOROURACIL; AT-9283; SORAFENIB; CISPLATIN; ENMD-2076; EUPATORIN,inhibitor; ,TTD; ChEMBL; TTD; MyCancerGenome; TdgClinicalTrial; DTC; TALC; ChEMBL; MyCancerGenome; DTC; TdgClinicalTrial; TALC; ClearityFoundationClinicalTrial; MyCancerGenome; TALC; MyCancerGenome; TALC; ChEMBL; TTD; MyCancerGenomeClinicalTrial; MyCancerGenome; CIViC; TdgClinicalTrial; CancerCommons; DTC; TALC; ChEMBL; ChEMBL; CIViC; DTC; ChEMBL; TTD; TdgClinicalTrial; TALC; TTD; MyCancerGenome; TdgClinicalTrial; DTC; ChEMBL; TTD; MyCancerGenome; TdgClinicalTrial; TALC; TTD; MyCancerGenome; ChEMBL; ClearityFoundationClinicalTrial; TdgClinicalTrial; DTC; TALC; ChEMBL; TTD; TTD; DTC; ChEMBL; MyCancerGenome; TALC; ClearityFoundationClinicalTrial; TTD; MyCancerGenome; TdgClinicalTrial; ChEMBL,-1.6235476159372,3.88139375920721e-11,1.96308953590672e-09,Down,Other,TRUE,High
ERBB4,57,58,LAPATINIB; NVP-TAE684; BIX02188; CHEMBL:CHEMBL578061; HB-EGF; DACOMITINIB ANHYDROUS; NEUREGULIN-3; GEFITINIB; AFATINIB; POZIOTINIB; DASATINIB ANHYDROUS; PALIPERIDONE; CEDIRANIB; BETACELLULIN; ALLITINIB; LAUROGUADINE; COMPOUND 38 [PMID: 24915291]; AEE788; TAK-715; AFATINIB DIMALEATE; PELITINIB; PIROTINIB; JNJ-26483327; DIMETHYLCURCUMIN; NERATINIB; NEUREGULIN-1; PAN-HER KINASE INHIBITOR AC480; TUCATINIB; TARLOXOTINIB; BMS-599626; XILIERTINIB; BARASERTIB-HQPA; CENISERTIB; SB220025; RG-1530; BIX02189; BMS-690514; COMPOUND 9 [PMID: 26006010]; IBRUTINIB; ACALABRUTINIB; NEUREGULIN-4; WZ4002; SP-600125; CURCUMIN; TAMATINIB; KBP5209; EGFR/ERBB-2/ERBB-4 INHIBITOR; NERATINIB MALEATE; CIMAGLERMIN ALFA; VANDETANIB; CANERTINIB DIHYDROCHLORIDE; METHYLCURCUMIN; NEUREGULIN-2; EPIREGULIN; ERLOTINIB; ILORASERTIB; ALISERTIB,; inhibitor,CGI; CIViC; DoCM; PharmGKB; DTC; DTC; GuideToPharmacology; MyCancerGenomeClinicalTrial; MyCancerGenome; TdgClinicalTrial; ChEMBL; GuideToPharmacology; MyCancerGenomeClinicalTrial; PharmGKB; DTC; CGI; CIViC; MyCancerGenomeClinicalTrial; ChEMBL; GuideToPharmacology; PharmGKB; ChEMBL; MyCancerGenome; TALC; TdgClinicalTrial; ChEMBL; GuideToPharmacology; MyCancerGenome; ChEMBL; PharmGKB; DTC,2.34605653105631,0.00505156227165293,0.0122231361689889,Up,Kinase,TRUE,High
FCGR3A,54,54,AFM-13; TRASTUZUMAB; TOMIVOSERTIB; PUROMYCIN; MAFOSFAMIDE; PICIBANIL; RECOMBINANT INTERLEUKIN-8; RECOMBINANT FLT3 LIGAND; PREDNISOLONE; FAS LIGAND; MATRIX METALLOPROTEINASE INHIBITOR; GELDANAMYCIN; PROTEASE INHIBITOR; DOXORUBICIN HYDROCHLORIDE; IMGATUZUMAB; TETRADECANOYLPHORBOL ACETATE; RECOMBINANT HUMAN STEM CELL FACTOR; EPOETIN ALFA; CA19-9 ANTIGEN; CETUXIMAB; IL-18; LACTULOSE; DIMETHYL SULFOXIDE; UBENIMEX; POLY IC; ANTI-THYMOCYTE GLOBULIN; HEPARIN; BAY-985; IMMUNOSUPPRESSANT; THALIDOMIDE; SODIUM CHLORIDE; PENICILLIN; VINCRISTINE; CIMETIDINE; LIF; IMMUNOTHERAPEUTIC AGENT; H2O2; COMPOUND 7 [PMID: 34333981]; ANGIOGENESIS INHIBITOR; CYTARABINE; CYCLOSPORINE; RECOMBINANT EOTAXIN; GMA-161; TOCILIZUMAB; INDOMETHACIN; TESMILIFENE; MUROMONAB-CD3; MARGETUXIMAB; AT-9283; RITUXIMAB; CHONDROITIN SULFATES; ALDESLEUKIN; FENTANYL CITRATE; CYCLOPHOSPHAMIDE ANHYDROUS,; inhibitor; modulator,TTD; NCI; PharmGKB; GuideToPharmacology; NCI; ChEMBL; PharmGKB,-2.70355015716234,7.80391550942006e-09,1.57692595311508e-07,Down,Other,TRUE,High
MAPK3,53,53,"CHEMBL:CHEMBL29197; THERAPEUTIC ANDROSTANOLONE; PRASTERONE; CYCLOPHOSPHAMIDE ANHYDROUS; IMMUNOSUPPRESSANT; WITHAFERIN A; CHEMBL:CHEMBL2063681; DEMETHYLWEDELOLACTONE; CHEMBL:CHEMBL329785; CIMIRACEMATE A; SIGNAL TRANSDUCTION INHIBITOR; RAVOXERTINIB; CHEMBL:CHEMBL2333548; RETINOIC ACID AGENT; ASN007; SORAFENIB; VOLVALERENAL D; ETOPOSIDE; CHEMBL:CHEMBL2333543; PESUDOGINSENOSIDE RP1 METHYL ESTER; MADOLIN U; SELENIUM; CHEMBL:CHEMBL2088730; CHEMBL:CHEMBL269881; ARSENIC TRIOXIDE; CHEMBL:CHEMBL2063687; ARISTOYUNNOLIN A; KO-947; 5-(2-PHENYLPYRAZOLO[1,5-A]PYRIDIN-3-YL)-1H-PYRAZOLO[3,4-C]PYRIDAZIN-3-AMINE; COMBRETASTATIN A4; WEDELOLACTONE; SPINASAPONIN A METHYL ESTER; CHEMBL:CHEMBL2088731; CHEMBL:CHEMBL389685; OPHIOBOLIN O; ARISTOLACTONE; SELECTIVE ESTROGEN RECEPTOR MODULATOR; TEMUTERKIB; PD-98059; METHYLNITROSOUREA; XANTHOHUMOL; MADOLIN T; MADOLIN A; PHENETHYLISOTHIOCYANATE; REFAMETINIB; PTHRP; QUERCETIN; NITROGLYCERIN; ULIXERTINIB; MK-8353; GAMBOGIC AMIDE; GAMBOGIC ACID; YUANHUADINE",; inhibitor,DTC; NCI; TTD; ChEMBL; GuideToPharmacology; TTD; ChEMBL; PharmGKB; TdgClinicalTrial; ChEMBL; GuideToPharmacology; ChEMBL; GuideToPharmacology,1.23018041161963,2.50610875793547e-08,4.02271635839501e-07,Up,Kinase,TRUE,High
CDK1,50,50,SELICICLIB; DINACICLIB; CENISERTIB; RIVICICLIB; SP-600125; GW441756X; RONICICLIB; RGB-286638; CLOFIBRATE; BMS-345541; CINNARIZINE; RG-1530; AZD-1080; (RS)-ROSCOVITINE; RUCAPARIB; ZOTIRACICLIB; PHA-767491; NVP-TAE684; MKC-1; INDIRUBIN-3'-MONOXIME; PROTUBOXEPIN A; R547; FENOFIBRATE MICRONIZED; GO-6976; CLOTRIMAZOLE; TAMATINIB; AZD5438; AT-7519; SOTRASTAURIN; CDK1/2/4 INHIBITOR AG-024322; ALVOCIDIB; CHEMBL:CHEMBL578061; ALSTERPAULLONE; SNS-314; LADUVIGLUSIB; BAY 61-3606; LAUROGUADINE; PF-562271; SERTRALINE HYDROCHLORIDE; KENPAULLONE; ROTENONE; CYC-116; PHA-793887; LY-2090314; WITHAFERIN A; ARUNCIN B; MILCICLIB; AG-24322; BAY 11-7082; PATULIN,inhibitor; ,TTD; ChEMBL; ClearityFoundationClinicalTrial; MyCancerGenomeClinicalTrial; MyCancerGenome; CancerCommons; ChEMBL; DTC; TTD; CancerCommons; ChEMBL; ChEMBL; TTD; DTC; ChEMBL; MyCancerGenome; TdgClinicalTrial; ChEMBL,-1.24990769537242,1.64446664066054e-07,1.8816704967933e-06,Down,Kinase,TRUE,High
IL2RA,50,51,"CAFFEINE; DENILEUKIN DIFTITOX; MEGESTROL ACETATE; HUMAN CHORIONIC GONADOTROPIN; LENTINAN; PROPYLTHIOURACIL; STAUROSPORINE; ANTISERUM; BASILIXIMAB; ALDESLEUKIN; ISOTRETINOIN; ATORVASTATIN CALCIUM TRIHYDRATE; HEPATITIS B VACCINE; CAMIDANLUMAB TESIRINE; CETIRIZINE HYDROCHLORIDE; PROGESTERONE; FLUOROURACIL; VERAPAMIL; DINITROCHLOROBENZENE; THERAPEUTIC HORMONE; CHINESE HERBS; ANTITUBERCULAR AGENT; DRUGSATFDA.NDA:008378; DHA-PACLITAXEL; METHIMAZOLE; MONOCLONAL ANTIBODY R24; SHO-SAIKO-TO; THEOPHYLLINE; BRYOSTATIN 1; RECOMBINANT INTERLEUKIN-2; METHYLPREDNISOLONE; BECLOMETHASONE DIPROPIONATE; INTERFERON BETA-1B; INTERLEUKIN-2 GENE; DEXTRAN SULFATE; FLUTAMIDE; PACLITAXEL; DECITABINE; MERCAPTOPURINE; INOLIMOMAB; LMB-2; DACLIZUMAB; ANTI-TAC 90 Y-HAT; GARLIC; DIDANOSINE; HUMAN THYMOSIN-FRACTION 5; THYROXINE; FARNESYLTRANSFERASE/GERANYLGERANYLTRANSFERASE INHIBITOR L-778,123; IL-2/9/15 GAMMA CHAIN RECEPTOR INHIBITOR BNZ-1; CLADRIBINE",; binder; antibody; inhibitor; agonist; inhibitor; inhibitor; antibody,NCI; ChEMBL; TEND; TTD; FDA; PharmGKB; TTD; TdgClinicalTrial; TEND; GuideToPharmacology; ChEMBL; ChEMBL; TEND; NCI; TdgClinicalTrial; ChEMBL; TdgClinicalTrial; TTD; ChEMBL; TdgClinicalTrial; TEND; ChEMBL; GuideToPharmacology; TTD,-1.59918207042312,7.39232842374932e-11,3.27388223844546e-09,Down,Growth Factor/Cytokine,TRUE,High
ALDH9A1,45,45,"PSM&ALPHA;3; CGEN-855A; PYRAZOLONE, 1; [3H]LXA4; RESOLVIN D1; SHAAGTIDE; ANNEXIN I; FMET-LEU-PHE; ASPIRIN TRIGGERED LIPOXIN A4; UPAR FRAGMENT; T21/DP107; FPRL1-INHIBITOR PROTEIN; AMYLOID &BETA;; LL-37; FMET-ILE-VAL-THR-LEU-PHE; ATLA2; SCK&BETA;8-1; BMS-986235; FMET-MET-TYR-ALA-LEU-PHE; WKYMVM; AG-26; COMPOUND 1754-31 [PMID: 23788657]; HUMANIN; F PEPTIDE; QUIN-C1; QUIN-C7; ACT-389949; LXA4; COMPOUND R-(-)-5F [PMID: 22607879]; WRWWWW; RVD1-ME; MHC BINDING PEPTIDE; ANNEXIN I-(2-26); ISOPROPYLUREIDO-FLFLF; MMK-1; HP(2-20); PBP10; V3 PEPTIDE; PRP106-126; T-BOC-FLFLF; 1R-11; ASPIRIN-TRIGGERED RESOLVIN D1; SERUM AMYLOID A; N36; [125I-TYR]AC2-26",agonist; inhibitor; modulator,GuideToPharmacology,1.28400012209778,1.40642912682988e-06,1.14218080395044e-05,Up,Other,TRUE,High
PLAU,42,42,DIFFERENTIATION INDUCER; LIF; ESTRADIOL VALERATE; PROTEIN KINASE INHIBITOR; AMEDIPLASE; GELDANAMYCIN; PROTEIN KINASE C INHIBITOR; CELECOXIB; CISPLATIN; BLEOMYCIN; AZACITIDINE; ANTIOXIDANT; DEXTRAN SULFATE; PHOSPHODIESTERASE INHIBITOR; UK-356202; SARUPLASE; MASOPROCOL; TRICHOSTATIN A; SIROLIMUS; MIFEPRISTONE; VERAPAMIL; WX-UK1; LENOGRASTIM; ANTIBIOTIC; HYDROCORTISONE BUTYRATE; VITAMIN A; GEFITINIB; DACARBAZINE; CLODRONIC ACID; IONOMYCIN; CALCITRIOL; RAZOXANE; TYROSINE KINASE INHIBITOR; CARMUSTINE; PREGNANT MARE SERUM GONADOTROPIN; HERBIMYCIN A; PAPAVERINE; RECOMBINANT RANTES; ALENDRONATE SODIUM; ZOLEDRONIC ACID ANHYDROUS; UPAMOSTAT; UROKINASE,"",NCI; TTD; TdgClinicalTrial; TTD; TdgClinicalTrial; TTD; TdgClinicalTrial; ChEMBL,-1.8215748117486,6.4672756903379e-05,0.00029482154113687,Down,Other,TRUE,High
MAOB,41,41,SAFINAMIDE; LEVODOPA; CHEMBL:CHEMBL1927670; MOCLOBEMIDE; CHEMBL:CHEMBL1927684; SELEGILINE; BIFEMELANE; MEBANAZINE; MELATONIN; PARGYLINE HYDROCHLORIDE; CHEMBL:CHEMBL602260; ISOCARBOXAZID; SEROTONIN; [18F]FLUORORASAGILINE; RASAGILINE; CHEMBL:CHEMBL1642672; PHENOXYPROPAZINE; LAZABEMIDE; NIALAMIDE; CHEMBL:CHEMBL1813518; SAFINAMIDE MESYLATE; COBALAMIN; PHENELZINE; RASAGILINE TARTRATE; RALFINAMIDE; SELEGILINE HYDROCHLORIDE; VITAMIN K3; CHEMBL:CHEMBL2088303; TRANYLCYPROMINE; PARGYLINE; ANTIDEPRESSANT AGENT; MOFEGILINE; INDANTADOL; NAPHTHOQUINONE; METHAMPHETAMINE; HALOPERIDOL DECANOATE; PHENELZINE SULFATE; IPRONIAZID; LINEZOLID; CHEMBL:CHEMBL602466; CHEMBL:CHEMBL2088301,inhibitor; ,TdgClinicalTrial; DTC; ChEMBL; GuideToPharmacology; NCI; DTC; DTC; GuideToPharmacology; TEND; TdgClinicalTrial; DTC; ChEMBL; GuideToPharmacology; GuideToPharmacology; ChEMBL; TEND; TdgClinicalTrial; ChEMBL; PharmGKB; TEND; TdgClinicalTrial; ChEMBL; GuideToPharmacology; TEND; TdgClinicalTrial; GuideToPharmacology; TdgClinicalTrial,1.21777682618819,2.24698720554242e-07,2.39477844630596e-06,Up,Other,TRUE,High
MMP2,38,38,MARIMASTAT; RESVERATROL; HEPARAN SULFATE; LENOGRASTIM; TST10088; DEFEROXAMINE; ACETAZOLAMIDE; REBIMASTAT; MECHLORETHAMINE; RETINOIC ACID AGENT; PERFOSFAMIDE; SELECTIVE ESTROGEN RECEPTOR MODULATOR; PRAVASTATIN SODIUM; CTS-1027; EPIGALLOCATECHIN GALLATE; ZOLEDRONIC ACID ANHYDROUS; PRINOMASTAT; IMMUNOSUPPRESSANT; NEOVASTAT; ILOMASTAT; BEVACIZUMAB; PAMIDRONATE; VINBLASTINE; RAMIPRIL; ULINASTATIN; SIMVASTATIN; PACLITAXEL; SHARK CARTILAGE EXTRACT AE-941; S-3304; INCYCLINIDE; ZILEUTON; STREPTOZOCIN; LETROZOLE; ALDESLEUKIN; CHLORHEXIDINE GLUCONATE; CYCLOSPORINE; OBOVATAL; DEMETHYLWEDELOLACTONE,inhibitor; ; vaccine,ChEMBL; TTD; TEND; TdgClinicalTrial; NCI; TdgClinicalTrial; DTC; NCI; ChEMBL; ChEMBL; TTD; PharmGKB; TTD; TALC; TALC; CIViC; TTD; TdgClinicalTrial,-2.18057960310918,6.47434230260228e-06,4.18287534629577e-05,Down,Protease,TRUE,High
EPHX2,36,36,"COMPOUND 2 [PMID: 15546730]; COMPOUND 19A [PMID: 21855335]; DORSOMORPHIN; PP1; JNJ-28312141; COMPOUND 23 [PMID: 17600705]; COMPOUND 7 [PMID: 22464456]; COMPOUND 30 [PMID: 17280833]; ECF506; 6BIO; CCT196969; ACALABRUTINIB; XILIERTINIB; BELIZATINIB; PEXIDARTINIB; SARACATINIB; NEOLYMPHOSTIN A; ALOIN; IBRUTINIB; GSK2256294; LCK INHIBITOR; MAX-40279; 7-HYDROXYSTAUROSPORINE; TAK-020; LITHIUM; CCT241161; PP2; COMPOUND 36 [PMID: 21958547]; ALOE-EMODIN; AR-9281; WH-4-023; GSK2646264; DDR1/2 INHIBITOR 5N; ZAK INHIBITOR 6P; FULVESTRANT; (3Z)-N,N-DIMETHYL-2-OXO-3-(4,5,6,7-TETRAHYDRO-1H-INDOL-2-YLMETHYLIDENE)-2,3-DIHYDRO-1H-INDOLE-5-SULFONAMIDE",inhibitor; ,GuideToPharmacology; DTC; TTD; ChEMBL; PharmGKB; TTD; TdgClinicalTrial; ChEMBL,1.35659427430388,5.36361301199617e-07,5.04906191850631e-06,Up,Other,TRUE,High
ALDH3A1,35,35,SCH-23390; (+)-BUTACLAMOL; SKF-38393; SPIPERONE; BETA-ERGOCRIPTINE; SKF-76783; NORADRENALINE; THIOTEPA; CYCLOPHOSPHAMIDE ANHYDROUS; A68930; LISURIDE; THIORIDAZINE; APOMORPHINE; CLOZAPINE; DEHYDRATED ALCOHOL; BROMOCRIPTINE; FENOLDOPAM; CHLORPROMAZINE; DOPAMINE; SKF-83566; KETANSERIN; ROTIGOTINE; HALOPERIDOL DECANOATE; FLUPENTHIXOL; FLUOROURACIL; (+)-ADTN; DOXORUBICIN HYDROCHLORIDE; 5-HYDROXYTRYPTAMINE; CABERGOLINE; CARBOPLATIN; DISULFIRAM; FLUPHENAZINE HYDROCHLORIDE; ECOPIPAM HYDROCHLORIDE; N-PROPYLNORAPOMORPHINE; PERGOLIDE,inhibitor; agonist; ,GuideToPharmacology; PharmGKB; NCI,1.32430404458247,0.000118936110247949,0.000491232859311111,Up,Other,TRUE,High
SERPINE1,34,34,"DIAPLASININ; LEVOTHYROXINE; GLYCYRRHETINIC ACID; RECOMBINANT INTERLEUKIN; THROMBOLYTIC AGENT; ORLISTAT; THR-18; AZATHIOPRINE; NIMODIPINE; NORETHINDRONE ACETATE; RETINOIC ACID AGENT; ANTIDEPRESSANT AGENT; METHYLPREDNISOLONE; URIDINE; ORAL CONTRACEPTIVE; ARGIPRESSIN; ESTROGENS, CONJUGATED (USP); TIPLASININ; UROKINASE; RECOMBINANT MONOCYTE CHEMOATTRACTANT PROTEIN-1; DEFIBROTIDE; HYDROCHLOROTHIAZIDE; GM-CSF; ARSENIC TRIOXIDE; CETRORELIX; CITALOPRAM; BROXURIDINE; CAPTOPRIL; ALEPLASININ; TINZAPARIN SODIUM; DEXAMETHASONE; ALITRETINOIN; EPIRUBICIN; FLUOXETINE HYDROCHLORIDE",; inhibitor,TTD; NCI; PharmGKB; DTC; TdgClinicalTrial; TTD; ChEMBL,-2.41196070467639,2.17655856149144e-05,0.000115517754140628,Down,Other,TRUE,High
FCGR3B,33,33,CYCLOSPORINE; ANGIOGENESIS INHIBITOR; IL-18; RECOMBINANT INTERLEUKIN-8; BETA-GLUCAN; PUROMYCIN; GELDANAMYCIN; ALDESLEUKIN; TETRADECANOYLPHORBOL ACETATE; PREDNISOLONE; CHOLECALCIFEROL; PENICILLIN; EPOETIN ALFA; FENTANYL CITRATE; FAS LIGAND; INDOMETHACIN; MAFOSFAMIDE; PICIBANIL; POLY IC; IMMUNOTHERAPEUTIC AGENT; SODIUM CHLORIDE; PROGESTIN; CHONDROITIN SULFATES; CYTARABINE; METHOTREXATE; DOXORUBICIN HYDROCHLORIDE; LACTULOSE; LIF; THALIDOMIDE; DIMETHYL SULFOXIDE; PROTEASE INHIBITOR; HEPARIN; METHIMAZOLE,"",NCI,-2.30467607922552,5.5806526347008e-06,3.6848689374357e-05,Down,Other,TRUE,High
CTLA4,31,31,TREMELIMUMAB; IPILIMUMAB; CYCLOSPORINE; ATEZOLIZUMAB; VISILIZUMAB; BLEOMYCIN; ANTIBIOTIC; METHIMAZOLE; RETRO-INVERSO PEPTIDE; MELPHALAN; RECOMBINANT FAS LIGAND; ZALIFRELIMAB; RIBAVIRIN; ANTI-THYMOCYTE GLOBULIN; QUAVONLIMAB; COMPOUND 32 [PMID: 20471253]; SIROLIMUS; BISPECIFIC ANTIBODY; CADONILIMAB; APLITHIANINE A; PEGINTERFERON ALFA-2A; INOSINE 5'-MONOPHOSPHATE DEHYDROGENASE INHIBITOR FF-10501-01; ABATACEPT; WORTMANNIN; ERFONRILIMAB; THALIDOMIDE; FF-10501-01; PEGINTERFERON ALFA-2B; TETRADECANOYLPHORBOL ACETATE; DEHYDRATED ALCOHOL; PREDNISONE,inhibitor; immunotherapy; antibody; antibody; inhibitor; immunotherapy; ; inhibitor,TTD; MyCancerGenome; TdgClinicalTrial; TALC; ChEMBL; ClearityFoundationClinicalTrial; TTD; MyCancerGenome; TdgClinicalTrial; PharmGKB; CancerCommons; TALC; ChEMBL; PharmGKB; CIViC; NCI; TTD; ChEMBL; GuideToPharmacology; ChEMBL; TTD,-1.11154447035049,1.50270581608838e-09,4.19066165188104e-08,Down,Other,TRUE,High
E2F1,29,29,ARGIPRESSIN; THERAPEUTIC HORMONE; ETOPOSIDE; CARMUSTINE; EDIFOLIGIDE; HOECHST 33258; BORTEZOMIB; IRINOTECAN HYDROCHLORIDE; URSODIOL; FLUOROURACIL; ESTRADIOL VALERATE; ASCORBIC ACID; RAS INHIBITOR; GP-120 ANTIGEN; NERVE GROWTH FACTOR; PRIMAQUINE; METHOTREXATE; CISPLATIN; RECOMBINANT HEPATOCYTE GROWTH FACTOR; ACETYLCYSTEINE; NICOTINE POLACRILEX; ADRIAMYCIN; QUERCETIN; PACLITAXEL; DIETHYLSTILBESTROL; LARGAZOLE; ANTISENSE OLIGONUCLEOTIDES; TETRADECANOYLPHORBOL ACETATE; EDIFOLIGIDE SODIUM,; inhibitor,NCI; ChEMBL; DTC,-1.28897838180681,7.51763159528892e-13,8.74244300146014e-11,Down,Other,TRUE,High
CD40LG,28,29,PG-102; ALDESLEUKIN; URSODIOL; DAPIROLIZUMAB PEGOL; ALPROSTADIL; ADALIMUMAB; RUPLIZUMAB; FENOFIBRATE MICRONIZED; ATORVASTATIN CALCIUM TRIHYDRATE; RAVAGALIMAB; ANTI-CD40 MONOCLONAL ANTIBODY CHI LOB 7/4; AUTOLOGOUS PROSTATE CANCER ANTIGEN-EXPRESSING DENDRITIC CELL VACCINE BPX-101; DAZODALIBEP; ROSIGLITAZONE; TEGOPRUBART; BISPECIFIC ANTIBODY; BULEVIRTIDE; MUROMONAB-CD3; LUCATUMUMAB; DEXPROPRANOLOL; IRBESARTAN; PROPRANOLOL HYDROCHLORIDE; IMATINIB; TORALIZUMAB; CYCLOSPORINE; SELICRELUMAB; ANTINEOPLASTIC VACCINE; ANTI-CD40/ANTI-MESOTHELIN BISPECIFIC ANTIBODY ABBV-428,; inhibitor,TTD; NCI; GuideToPharmacology; TTD; ChEMBL; PharmGKB; ChEMBL,1.56908549364915,3.5101220680304e-07,3.51980615733858e-06,Up,Other,TRUE,High
CYP2E1,28,28,ISOFLAVONE; BENZODIAZEPINE; BRADANICLINE; SEVOFLURANE; CYTARABINE; PHENETHYL ISOCYANATE; POLYETHYLENE GLYCOL 4000; CHLORPROMAZINE; VALERIAN ROOT EXTRACT; ADJUVANT; PYRIDOXAL PHOSPHATE ANHYDROUS; ACETAMINOPHEN; RITONAVIR; GEMTUZUMAB OZOGAMICIN; FLUDARABINE; IDARUBICIN; CIPROFLOXACIN; THEOPHYLLINE; METACETAMOL; RISPERIDONE; ANTIDEPRESSANT AGENT; NONSTEROIDAL ANTIINFLAMMATORY DRUG; ZIDOVUDINE; FLUOROURACIL; ISOFLURANE; COBALT; PHENETHYLISOTHIOCYANATE; PERFLUBRON,"",NCI; DTC; PharmGKB,2.14866656047313,1.26248732672047e-05,7.31105042353879e-05,Up,Other,TRUE,High
LPL,28,28,"INOSITOL; DEXTRAN SULFATE; ASPARAGINASE; RETINYL ACETATE; RECOMBINANT INTERLEUKIN; ANABOLIC STEROID; OXIDOPAMINE; ISOTRETINOIN; FOLIC ACID; LYMPHOKINE-ACTIVATED KILLER CELLS; MIFEPRISTONE; ACARBOSE; H2O2; GEMFIBROZIL; RECOMBINANT LYMPHOKINE; CLOFIBRATE; TRIAMCINOLONE; ADRIAMYCIN; LABETALOL; LOVASTATIN; INSULIN, REGULAR, HUMAN; DIAZOXIDE; PIOGLITAZONE HYDROCHLORIDE; PRAVASTATIN SODIUM; RESERPINE; ORLISTAT; NADOLOL; IBROLIPIM","",NCI; TTD; PharmGKB; TdgClinicalTrial,-1.53690061757258,0.00102688189019953,0.00311195637528115,Down,Other,TRUE,High
EPCAM,25,25,"CITATUZUMAB BOGATOX; LEUCOVORIN CALCIUM; TRASTUZUMAB; CATUMAXOMAB; SOLITOMAB; ADJUVANT; LYMPHOKINE-ACTIVATED KILLER CELLS; INCOMPLETE FREUND'S ADJUVANT; OPORTUZUMAB MONATOX; KEYHOLE LIMPET HEMOCYANIN; ADECATUMUMAB; HEAVY MINERAL OIL; VACCINE; MOC31-PE; ANTINEOPLASTIC VACCINE; ALUM, POTASSIUM; IGN-101; ALDESLEUKIN; DNA VACCINE; EDRECOLOMAB; ING-1; ALVAC VACCINE; TUCOTUZUMAB CELMOLEUKIN; TAG-72 ANTIGEN; FREUND'S ADJUVANT",binder; ; modulator; antibody; modulator; inhibitor; other/unknown,TTD; TdgClinicalTrial; ChEMBL; NCI; TdgClinicalTrial; TALC; ChEMBL; TdgClinicalTrial; ChEMBL; ChEMBL,-2.12762984308514,7.76377700238823e-09,1.57175890533844e-07,Down,Other,TRUE,High
MMP9,25,25,CURCUMIN PYRAZOLE; TST10088; CELECOXIB; CURCUMIN; TOZULERISTIDE; SHARK CARTILAGE EXTRACT AE-941; HYDRALAZINE; ULINASTATIN; BEVACIZUMAB; CARBOXYLATED GLUCOSAMINE; METHYLDOPA ANHYDROUS; ANDECALIXIMAB; DP-B99; NEOVASTAT; PRINOMASTAT; REBIMASTAT; INCYCLINIDE; CTS-1027; DEMETHYLWEDELOLACTONE; S-3304; ILOMASTAT; MARIMASTAT; AZD-1236; ANTIHYPERTENSIVE AGENT; NIFEDIPINE,; inhibitor; vaccine,DTC; TdgClinicalTrial; PharmGKB; TTD; CIViC; TTD; ChEMBL; TALC; ChEMBL; TEND; TdgClinicalTrial; ChEMBL,-2.6928454526701,2.60333103038366e-05,0.000135106083680658,Down,Protease,TRUE,High
CXCR4,24,25,CXCR4 ANTAGONIST USL311; MSX-122; PLERIXAFOR; ULOCUPLUMAB; CISPLATIN; BALIXAFORTIDE; CHEMBL:CHEMBL1221944; BURIXAFOR; CHEMBL:CHEMBL2062277; CHEMBL:CHEMBL2347633; BEVACIZUMAB; CHEMBL:CHEMBL2347632; CTCE-9908; RECOMBINANT CHEMOKINE; CHEMBL:CHEMBL2347631; LY-2624587; CHEMBL:CHEMBL1242210; CTCE-0214; PF-06747143; CHEMBL:CHEMBL2347630; MAVORIXAFOR; RECOMBINANT RANTES; GMI-1359; MOTIXAFORTIDE,; inhibitor; agonist,TTD; TTD; TdgClinicalTrial; ChEMBL; TEND; TTD; NCI; TdgClinicalTrial; DTC; ChEMBL; CIViC; TTD; ChEMBL; DTC; PharmGKB; NCI; TTD; TdgClinicalTrial; DTC; ChEMBL,-1.00748898295206,0.000192373751041186,0.000739350106575781,Down,Other,TRUE,High
COL12A1,22,22,"COMPOUND 29 [MOSLIN ET AL., 2017]; RO20-1724; PDE4 INHIBITOR 16; DIFAMILAST; MANGOSTIN; TALAROTERPHENYL A; BPN14770; TODDACOUMALONE; LEO 29102; 6-HYDROXY-5,7-DIMETHOXYFLAVONE; COMPOUND 3M [PMID: 32603117]; APREMILAST; LEO 239652; MK-0359; MANGOSTANIN; CBS-3595; MORACIN M; CDP840; &ALPHA;-MANGOSTIN DERIVATIVE 4E; RS-25344; ROLIPRAM; NERANDOMILAST",inhibitor; modulator,GuideToPharmacology,-2.19337026060414,0.00108337145429134,0.00326161718770867,Down,Other,TRUE,High
MUC1,22,24,HUHMFG1; CANTUZUMAB MERTANSINE; EMEPEPIMUT-S; GO-203-2C; PEMTUMOMAB; MESMULOGENE ANCOVACIVEC; SODIUM BUTYRATE; EPITUMOMAB CITUXETAN; SONTUZUMAB; SAR-566658; FAS LIGAND; CMB-401; HUPAM4; LIPOSOMAL MUC1/PET-LIPID A VACCINE ONT-10; AR-20.5; EPITUMOMAB; CANTUZUMAB RAVTANSINE; YTTRIUM (90Y) CLIVATUZUMAB TETRAXETAN; AS-1403; GATIPOTUZUMAB; HEXAMETHYLENE BISACETAMIDE; IMMUCIN,other/unknown; binder; vaccine; ; inhibitor,ChEMBL; ChEMBL; TTD; TdgClinicalTrial; TTD; TTD; NCI; ChEMBL; TdgClinicalTrial; TALC,1.92141473342466,1.79408056075572e-06,1.40558236416678e-05,Up,Other,TRUE,High
ALDH1A3,21,21,"BOSENTAN ANHYDROUS; AMBRISENTAN; MACITENTAN; CLAZOSENTAN; BQ 3020; SOVATELTIDE; [ALA1,3,11,15]ET-1; IRL 2500; RES7011; ATRASENTAN; A192621; SARAFOTOXIN S6C; APROCITENTAN; [125I]ET-1 (HUMAN, MOUSE, RAT); [125I][ALA1,3,11,15]ET-1; BQ788; RO 46-8443; [125I]BQ3020; BMS-193884; ENDOTHELIN-3; K-8794",inhibitor; agonist,GuideToPharmacology,1.04228748771415,0.00802746737805737,0.0182171186549702,Up,Other,TRUE,High
CDC25B,21,21,NSC-663284; CHEMBL:CHEMBL1600564; CHEMBL:CHEMBL1331754; CHEMBL:CHEMBL2059068; CHEMBL:CHEMBL2059274; CHEMBL:CHEMBL1172911; CHEMBL:CHEMBL1481974; CHEMBL:CHEMBL507159; CHEMBL:CHEMBL1370674; CHEMBL:CHEMBL2003658; CHEMBL:CHEMBL1481453; CHEMBL:CHEMBL1270061; CHEMBL:CHEMBL471004; CHEMBL:CHEMBL2059074; CHEMBL:CHEMBL1408031; CHEMBL:CHEMBL1414990; P6949; TYROSINE KINASE INHIBITOR; CHEMBL:CHEMBL357170; CHEMBL:CHEMBL1333982; CHEMBL:CHEMBL2059067,"",DTC; NCI,-1.43614714021437,4.84141060328714e-13,5.86978115341799e-11,Down,Other,TRUE,High
MELK,20,20,LINIFANIB; DOVITINIB; SB220025; OTSSP167; RG-1530; MLN-8054; AST-487; BMS-387032; ILORASERTIB; SNS-314; NVP-TAE684; CENISERTIB; CC-401; SP-600125; PF-562271; JNJ-7706621; GW843682X; TOZASERTIB; PP2; MELK-TI,; inhibitor,DTC; TTD; GuideToPharmacology; GuideToPharmacology,-1.10619739441565,8.158300967666e-08,1.06952572885161e-06,Down,Other,TRUE,High
MMP1,20,20,LEFLUNOMIDE; THERAPEUTIC GLUCOCORTICOID; COLLAGENASE CLOSTRIDIUM HISTOLYTICUM; MARIMASTAT; REBIMASTAT; HYDROCORTISONE BUTYRATE; DOXYCYCLINE CALCIUM; MEDROXYPROGESTERONE; INTERFERON BETA; DOXYCYCLINE ANHYDROUS; COBALT; VITAMIN E; PENTOSAN POLYSULFATE SODIUM; LAMIVUDINE; SIROLIMUS; LEUPROLIDE ACETATE; TYROSINE KINASE INHIBITOR; RIBAVIRIN; TRIAMCINOLONE; IMMUNOSUPPRESSANT,; inhibitor,NCI; TdgClinicalTrial; ChEMBL,-6.05762423237324,3.27710027857052e-06,2.34010147293914e-05,Down,Protease,TRUE,High
IGF2,18,18,DUSIGITUMAB; BETAMETHASONE; GEFITINIB; GEMCITABINE; SOMATROPIN (RECOMBINANT DNA ORIGIN); GLUTAMINE; GANITUMAB; 3-[(3-(2-CARBOXYETHYL)-4-METHYLPYRROL-2-YL)METHYLENE]-2-INDOLINONE; RECOMBINANT INTERFERON; ETOPOSIDE; CABAZITAXEL; ANASTROZOLE; DOCETAXEL ANHYDROUS; LINSITINIB; THERAPEUTIC ANDROGEN; FLUOXETINE HYDROCHLORIDE; XENTUZUMAB; RECOMBINANT HEPATOCYTE GROWTH FACTOR,inhibitor; ,TTD; ChEMBL; NCI; CIViC,-1.40938850123203,0.00522518472512943,0.0125897861699912,Down,Growth Factor/Cytokine,TRUE,High
IL18,18,19,MYCOPHENOLATE; GSK-1070806; 4-PHENYLENEDIAMINE; THERAPEUTIC CORTICOSTEROID; COLCHICINE; RECOMBINANT INTERFERON; ANHYDROUS TACROLIMUS; PEGINTERFERON ALFA-2B; IBOCTADEKIN; TADEKINIG ALFA; CAMOTESKIMAB; THYROXINE; ANTIVIRAL AGENT; PEGINTERFERON ALFA-2A; INTERFERON ALFA-2B; SYNTHETIC HUMAN PAPILLOMAVIRUS 16 E6 PEPTIDE; RIBAVIRIN; DEXTRAN SULFATE SODIUM,; inhibitor; modulator,NCI; TTD; ChEMBL; PharmGKB; TTD; ChEMBL,2.2882624202796,7.94736443588797e-08,1.04588294866439e-06,Up,Growth Factor/Cytokine,TRUE,High
CXCR2,17,18,"BEVACIZUMAB; DANIRIXIN; AZD-5122; CLOTRIMAZOLE; ALPHA-TOCOPHEROL; NAVARIXIN; LADARIXIN; GENISTEIN; ACETYLCYSTEINE; ELUBRIXIN; VIMNERIXIN; REPARIXIN; CANOCTAKIN; MECHLORETHAMINE; IBUPROFEN, SODIUM SALT; SX-682; CYCLOPHOSPHAMIDE ANHYDROUS",; inhibitor; modulator,PharmGKB; TTD; ChEMBL; TTD; NCI; TTD; TdgClinicalTrial; ChEMBL; TdgClinicalTrial; DTC; ChEMBL,1.94308411293504,0.000874231025531668,0.00271233745580106,Up,Other,TRUE,High
UGT1A7,17,17,MYCOPHENOLATE; RISPERIDONE; ATORVASTATIN CALCIUM TRIHYDRATE; MYCOPHENOLATE MOFETIL; KETAMINE HYDROCHLORIDE; ATAZANAVIR; FEBUXOSTAT; OXCARBAZEPINE; ONDANSETRON HYDROCHLORIDE; ACETAMINOPHEN GLUCURONIDE; PAREGORIC; ALLOPURINOL; AXITINIB; ACETAMINOPHEN; NICOTINE POLACRILEX; CURCUMIN; RITONAVIR,"",PharmGKB; NCI,1.40876005435424,0.000222768068977979,0.000837707905670602,Up,Other,TRUE,High
COL11A1,16,16,"RS-25344; PF-07038124; COLLAGENASE CLOSTRIDIUM HISTOLYTICUM; RO20-1724; NERANDOMILAST; CBS-3595; ROLIPRAM; CDP840; CRISABOROLE; ROFLUMILAST; OCRIPLASMIN; IBUDILAST; 6-HYDROXY-5,7-DIMETHOXYFLAVONE; MK-0359; EXAMPLE 2 [WO2013026797A1]; APREMILAST",inhibitor; cleavage,GuideToPharmacology; ChEMBL,-6.52942931634461,1.09700261839059e-08,2.05853564888992e-07,Down,Other,TRUE,High
CXCL10,16,17,GM-CSF; STAVUDINE; PEGINTERFERON ALFA-2B; IROPLACT; METHYLPREDNISOLONE; ELDELUMAB; ATORVASTATIN CALCIUM TRIHYDRATE; HUMAN CHORIONIC GONADOTROPIN; OXALIPLATIN; NI-0801; ATROPINE; RITONAVIR; PEGINTERFERON ALFA-2A; TESTOSTERONE; ANTIBIOTIC; ZIDOVUDINE,; inhibitor,NCI; PharmGKB; TTD; TdgClinicalTrial; TTD; ChEMBL; ChEMBL,-1.65060590399852,0.000481880723870656,0.00161873668197462,Down,Other,TRUE,High
COL10A1,15,15,"LENRISPODUN; NERANDOMILAST; REVAMILAST; ENSIFENTRINE; 6-HYDROXY-5,7-DIMETHOXYFLAVONE; ROLIPRAM; MK-0873; RS-25344; YM976; CDP840; MK-0359; RO20-1724; IBUDILAST; APREMILAST; PICLAMILAST",inhibitor,GuideToPharmacology,-2.84420202885829,2.53322623246414e-05,0.000131960150928616,Down,Other,TRUE,High
CYP2J2,15,15,XMT-1191; MESORIDAZINE; TERFENADINE; DAUNORUBICIN LIPOSOMAL; NABUMETONE; ASTEMIZOLE; DOXORUBICIN HYDROCHLORIDE; AMIODARONE HYDROCHLORIDE; BELORANIB; ALBENDAZOLE; M8891; ANHYDROUS TACROLIMUS; DICLOFENAC SODIUM; THIORIDAZINE; DANAZOL,inhibitor; ,GuideToPharmacology; PharmGKB,2.49756489806302,2.34231066584026e-08,3.82078252218886e-07,Up,Other,TRUE,High
NEK2,15,15,CHEMBL:CHEMBL1997335; DOVITINIB; ILORASERTIB; HESPERADIN; GW441756X; SP-600125; ADAVOSERTIB; CENISERTIB; GW843682X; DACTOLISIB; TAMATINIB; PAZOPANIB; PALBOCICLIB; NVP-TAE684; CYC-116,; inhibitor,DTC,-1.63690644138115,8.46695593679028e-07,7.43413516894863e-06,Down,Other,TRUE,High
SPP1,15,15,IMMUNOSUPPRESSANT; CALCITONIN; GENTAMICIN; CHONDROITIN SULFATES; TETRADECANOYLPHORBOL ACETATE; ALTEPLASE; ZOLEDRONIC ACID ANHYDROUS; ANHYDROUS TACROLIMUS; SODIUM BUTYRATE; PROTEIN PHOSPHATASE INHIBITOR; TRETINOIN; PAMIDRONATE; ASK-8007; WORTMANNIN; TYROSINE KINASE INHIBITOR,; inhibitor,NCI; PharmGKB; ChEMBL,-4.35838997105127,2.28775631635624e-10,8.29947541684093e-09,Down,Other,TRUE,High
MMP3,14,14,PRINOMASTAT; CTS-1027; BERKELEYTRIONE; MARIMASTAT; PRAVASTATIN SODIUM; BERKELEYACETAL B; BERKELEYAMIDE B; LISINOPRIL ANHYDROUS; ILOMASTAT; BERKELEYDIONE; CHLORTHALIDONE; BERKELEYAMIDE C; BERKELEYACETAL C; BERKELEYACETAL A,vaccine; inhibitor; ,TALC; ChEMBL; DTC; TEND; TdgClinicalTrial; ChEMBL; PharmGKB; TTD,-5.98150971368017,2.89704293212418e-11,1.57222060078295e-09,Down,Protease,TRUE,High
THBS1,14,14,CAMPTOTHECIN; TRETINOIN; VITAMIN A; PIOGLITAZONE HYDROCHLORIDE; VESNARINONE; DECITABINE; ACTH; METHYLCELLULOSE; SIMVASTATIN; ABT-510; GP-120 ANTIGEN; LOVASTATIN; PROTEIN KINASE C INHIBITOR; TSP-1 MIMETIC FUSION PROTEIN CVX-045,; antibody,NCI; TTD; TTD; TALC,-1.12229345825204,0.0232606997080935,0.045590651399892,Down,Other,TRUE,High
FN1,13,13,ONFEKAFUSP ALFA; COMPOUND 28 [PMID: 16460935]; L19TNFA; RADRETUMAB; DAROMUN; SUTIMLIMAB; MU-BC-1; L19IL2; AS-1409; DACARBAZINE; OCRIPLASMIN; L19SIP 131I; AS1409,; inhibitor; binder; antibody; cleavage; other/unknown,TTD; GuideToPharmacology; ChEMBL; CIViC; CIViC; ChEMBL; TTD; ChEMBL; TdgClinicalTrial,-2.01760416964742,0.0066137155000968,0.0154013712674233,Down,Other,TRUE,High
RRM2,13,13,MOTEXAFIN GADOLINIUM; FLUDARABINE; LY-2334737; CLADRIBINE; GEMCITABINE; TRIAPINE; TEZACITABINE; TRANSFERRIN RECEPTOR-TARGETED ANTI-RRM2 SIRNA CALAA-01; CYTARABINE; CLOFARABINE; GEMCITABINE ELAIDATE; GALLIUM NITRATE; HYDROXYUREA,inhibitor; ,TdgClinicalTrial; ChEMBL; ChEMBL; TTD; PharmGKB; ClearityFoundationClinicalTrial; TTD; ChEMBL; TTD; TdgClinicalTrial; TALC; TTD; ChEMBL,-1.23047240940759,1.79273600242264e-07,2.00831074452261e-06,Down,Other,TRUE,High
TLR2,13,14,PEPTIDOGLYCAN; DEFOSLIMOD; TOMARALIMAB; DIPROVOCIM-1; INFLIXIMAB; VB-201; PAREGORIC; TLR AGONIST CADI-05; DIAPEP277; RESVERATROL HEXANOIC ACID; CHEMBL:CHEMBL1836411; COMPOUND 13 [PMID: 23098072]; ADALIMUMAB,agonist; ; inhibitor; antibody,GuideToPharmacology; TTD; TTD; ChEMBL; PharmGKB; ChEMBL; TdgClinicalTrial; DTC,-1.05429070610477,3.48988058801091e-06,2.47447153264398e-05,Down,Other,TRUE,High
CD80,12,12,ABATACEPT; METHYLPREDNISOLONE; ANTINEOPLASTIC VACCINE; BELATACEPT; DNA VACCINE; CLOPIDOGREL; ROXITHROMYCIN; CYCLOSPORINE; PICIBANIL; TOREMIFENE; GALIXIMAB; VIAGENPUMATUCEL-L,inhibitor; ,TEND; TTD; NCI; TdgClinicalTrial; ChEMBL; NCI; TdgClinicalTrial; ChEMBL; PharmGKB; TTD; TdgClinicalTrial; ChEMBL; TTD,-1.78874924393124,8.18467299370054e-08,1.07216080327441e-06,Down,Other,TRUE,High
XCR1,12,12,TRYPTANTHRIN; NAVOXIMOD; LW106; TRYPTANTHRIN 5I; EPACADOSTAT; NECROSTATIN-1; 1-METHYL-L-TRYPTOPHAN; BETA-CARBOLINE; AMG-1; COMPOUND 8U [PMID: 31999451]; LINRODOSTAT; PF-06840003,inhibitor,GuideToPharmacology,1.11586457741601,1.28494326882225e-05,7.42599904682772e-05,Up,Other,TRUE,High
TLR3,10,10,POLY ICLC; POLY(I:C); BEVASIRANIB; ASPIRIN; RINTATOLIMOD; IL-4; IL-13; MEASLES VACCINE; BEVASIRANIB SODIUM; HYDROXYCHLOROQUINE,; agonist; activator,TTD; GuideToPharmacology; ChEMBL; PharmGKB; TTD; ChEMBL; NCI,1.18523176666953,8.46995694642325e-12,5.89655244600892e-10,Up,Other,TRUE,High
COL1A2,9,9,TNF-ALPHA; ST034307; RECOMBINANT TRANSFORMING GROWTH FACTOR-BETA-2; RECOMBINANT INTERFERON; DAUNORUBICIN LIPOSOMAL; RECOMBINANT TRANSFORMING GROWTH FACTOR; OCRIPLASMIN; COLLAGENASE CLOSTRIDIUM HISTOLYTICUM; DOXORUBICIN HYDROCHLORIDE,; inhibitor; cleavage,NCI; GuideToPharmacology; PharmGKB; ChEMBL; TEND; TdgClinicalTrial; ChEMBL,-2.71947388199348,1.26794389826897e-05,7.3376780436385e-05,Down,Other,TRUE,High
IL1A,9,10,HYDROXYCHLOROQUINE; OLANZAPINE; LUTIKIZUMAB; AMG-108; MABP1; MITOMYCIN; IMMUNOSUPPRESSANT; BERMEKIMAB; RILONACEPT,; inhibitor,NCI; PharmGKB; TTD; ChEMBL; TdgClinicalTrial; TTD; TEND; TdgClinicalTrial; ChEMBL,1.38804647688918,0.0210772535310201,0.0419410603087869,Up,Growth Factor/Cytokine,TRUE,High
BUB1,8,8,GATX2; NPPB; OMEPRAZOLE; LUBIPROSTONE; ZN2+; CD2+; DIPHENYLAMINE-2-CARBOXYLIC ACID; ARACHIDONIC ACID,blocker; activator,GuideToPharmacology,-1.30559730753224,1.08613550182434e-06,9.19182495232031e-06,Down,Other,TRUE,High
CCR1,8,9,CCX-354; CCX354; TERPYRIDINE; AZD4818; PENTOSTATIN; EHNA; CHEMBL:CHEMBL2205805; BMS-817399,; inhibitor,TTD; TdgClinicalTrial; ChEMBL; DTC; ChEMBL; GuideToPharmacology; TTD; ChEMBL,-1.23857992000395,0.000212855177524908,0.000805773752610662,Down,Other,TRUE,High
ITGA5,8,8,VOLOCIXIMAB; DIMETHYL SULFOXIDE; ETARACIZUMAB; CILENGITIDE; PF-04605412; M-CSF; ATN-161; INTEGRIN RECEPTOR ANTAGONIST GLPG0187,antibody; inhibitor; ; antibody; inhibitor,TALC; ChEMBL; NCI; TALC; TdgClinicalTrial; ChEMBL,-1.07758756460539,0.0148974607348738,0.0311639857149618,Down,Other,TRUE,High
COL1A1,7,7,PAMIDRONATE; OCRIPLASMIN; ZOLEDRONIC ACID ANHYDROUS; ETIDRONIC ACID; COLLAGENASE CLOSTRIDIUM HISTOLYTICUM; VALPROIC ACID; SOMATROPIN (RECOMBINANT DNA ORIGIN),; cleavage,PharmGKB; ChEMBL; TEND; TdgClinicalTrial; ChEMBL,-3.26942126894065,2.27098200208615e-06,1.72009026697664e-05,Down,Other,TRUE,High
MMP7,7,7,RS 39066; SL422; DOXYCYCLINE ANHYDROUS; MARIMASTAT; ILOMASTAT; DOXYCYCLINE CALCIUM; PRINOMASTAT,inhibitor; ,GuideToPharmacology; ChEMBL; GuideToPharmacology; TTD; GuideToPharmacology; ChEMBL; ChEMBL; TTD,-2.71802815172855,0.000353552913536881,0.00123976752940742,Down,Protease,TRUE,High
IVL,6,6,RETINOIC ACID AGENT; PERILLYL ALCOHOL; INFLIXIMAB; ADALIMUMAB; RETINYL ACETATE; TOPICAL CORTICOSTEROID,"",NCI; PharmGKB,2.33134229937707,8.92990497666681e-05,0.000386456993397991,Up,Other,TRUE,High
SERPINH1,6,6,DL-TBOA; ANTISENSE OLIGONUCLEOTIDES; ASPARTIC ACID; [3H]D-ASPARTIC ACID; THREO-3-METHYLGLUTAMATE; MONOCLONAL ANTIBODY 11D10,inhibitor; ,GuideToPharmacology; NCI,-1.7377534424528,1.08540443308941e-09,3.18267389085138e-08,Down,Other,TRUE,High
TK1,6,6,PENCICLOVIR; VALNIVUDINE HYDROCHLORIDE; RILAPLADIB; ZIDOVUDINE; ARGININE BUTYRATE; DEOXYCYTIDINE,"",TTD; PharmGKB,-1.26406448179932,1.48477924552427e-09,4.15422278269023e-08,Down,Other,TRUE,High
VCAM1,6,6,DEXAMETHASONE; CYCLOSPORINE; TROGLITAZONE; TETRADECANOYLPHORBOL ACETATE; MERCAPTOPURINE; PHORBOL 12-MYRISTATE 13-ACETATE,"",NCI,-1.22081285355184,0.00293704005011676,0.00768422094532384,Down,Other,TRUE,High
ALDH1A2,5,5,RETINOIC ACID AGENT; TRETINOIN; ATENOLOL; VITAMIN A; HYDROCHLOROTHIAZIDE,"",NCI; PharmGKB,1.03465179978928,0.00990828583031182,0.021858581271026,Up,Other,TRUE,High
GZMB,5,5,NSC 780521; GKT136901; COMPOUND 7C [PMID: 22041175]; HEXACHLOROPHENE; SETANAXIB,inhibitor; ,GuideToPharmacology; DTC,-1.08522431337313,0.000133473103622882,0.00054161484631696,Down,Other,TRUE,High
PBK,5,5,LINIFANIB; GEFITINIB; SP-600125; PHA-767491; BAY 61-3606,"",DTC; CIViC,-1.11720776596746,3.8353773899074e-06,2.67070372629194e-05,Down,Other,TRUE,High
CDC25C,4,4,QUERCETIN; CISPLATIN; FLUOROURACIL; WITHAFERIN A,"",NCI; DTC,-1.06484426238247,5.57914155207649e-08,7.85629529100063e-07,Down,Other,TRUE,High
CDSN,4,4,CARBOPLATIN; PHLORETIN; ASCORBIC ACID; GEMCITABINE,; inhibitor,PharmGKB; GuideToPharmacology,-1.54887191783707,0.0255980099031488,0.0494405128566635,Down,Other,TRUE,High
COL4A1,4,4,FD6; OCRIPLASMIN; COLLAGENASE CLOSTRIDIUM HISTOLYTICUM; NKY80,activator; cleavage; inhibitor,GuideToPharmacology; ChEMBL,-2.0532047766124,1.89104883458601e-06,1.47009912811495e-05,Down,Other,TRUE,High
COL6A3,4,4,OCRIPLASMIN; ESI-09; COLLAGENASE CLOSTRIDIUM HISTOLYTICUM; HJC 0350,cleavage; inhibitor,ChEMBL; GuideToPharmacology,-2.11807254793228,2.32267692658798e-06,1.7514848725197e-05,Down,Other,TRUE,High
CXCL1,4,4,WWL70; KT-109; WWL123; ABX-1431,inhibitor,GuideToPharmacology,-2.26425990762047,0.000319561881266611,0.00113739545289459,Down,Other,TRUE,High
CYP4A11,4,4,COMPOUND 6 [PMID: 10395480]; EPALRESTAT; APSTATIN; TP0472993,inhibitor,GuideToPharmacology,2.56852619557266,0.0231876591979254,0.0454683452613597,Up,Other,TRUE,High
DSG1,4,4,COMPOUND 66 [PMID: 19788238]; PD-98059; RIPK3 INHIBITOR 18; DDR1/2 INHIBITOR 5N,inhibitor; ,GuideToPharmacology; NCI,1.90271863540257,2.74679100276165e-05,0.000141349765780284,Up,Other,TRUE,High
HMMR,4,4,FLUOROURACIL; HYALURONIC ACID; EPIRUBICIN; CYCLOPHOSPHAMIDE ANHYDROUS,"",PharmGKB; TdgClinicalTrial,-1.15273342227193,2.62780568180541e-07,2.74922509978357e-06,Down,Other,TRUE,High
LGALS3,4,4,"OLITIGALTIN; DAVANAT; BELAPECTIN; LACTOSE, ANHYDROUS",inhibitor; ,ChEMBL; TTD; ChEMBL; DTC,1.37052098997318,3.19313615136997e-07,3.24341429041412e-06,Up,Other,TRUE,High
BUB1B,3,3,3-PHENYL-CPP; NIFLUMIC ACID; DIDS,blocker; activator,GuideToPharmacology,-1.14787457210762,9.30706172143077e-06,5.67286444851174e-05,Down,Other,TRUE,High
CCL3,3,3,ADJUVANT; NAGRESTIPEN; INFLIXIMAB,"",NCI; TTD,-1.9642932448403,9.38985228831551e-07,8.11934875410995e-06,Down,Other,TRUE,High
CCL4,3,3,CYCLOSPORINE; CLODRONIC ACID; EPOETIN ALFA,"",NCI,-1.07489137693081,0.000267416430629451,0.000974999875768722,Down,Other,TRUE,High
CCL8,3,3,RECOMBINANT INTERLEUKIN-1; RECOMBINANT CYTOKINE; RECOMBINANT INTERFERON,"",NCI,-1.0481702274263,0.0233214882543679,0.0456836073918207,Down,Other,TRUE,High
CCNB1,3,3,KENPAULLONE; PROTOAPIGENONE; SELICICLIB,"",TTD; DTC,-1.01643781300981,2.57229067215295e-05,0.000133698112011112,Down,Other,TRUE,High
CDC6,3,3,BAY-8002; 7ACC2; AZD3965,inhibitor,GuideToPharmacology,-1.674013902695,3.22894693752394e-10,1.11738558495894e-08,Down,Other,TRUE,High
CDH2,3,3,METHOTREXATE; ADH-1; METHADONE HYDROCHLORIDE,"",PharmGKB; TTD; TdgClinicalTrial,-1.18044134482701,0.0243473452728646,0.0474273850376341,Down,Other,TRUE,High
CENPE,3,3,BONGKREK ACID; GSK-923295; CARBOXYATRACTYLOSIDE,inhibitor,GuideToPharmacology; TALC,-1.16796204664597,2.19712283632684e-05,0.000116464542285294,Down,Other,TRUE,High
COL4A2,3,3,OCRIPLASMIN; COLLAGENASE CLOSTRIDIUM HISTOLYTICUM; NAVOXIMOD,cleavage; ,ChEMBL; TTD,-1.72678522991976,4.541696966171e-05,0.000216872373286853,Down,Other,TRUE,High
COL6A2,3,3,COLLAGENASE CLOSTRIDIUM HISTOLYTICUM; OCRIPLASMIN; ESI-09,cleavage; inhibitor,ChEMBL; GuideToPharmacology,-1.02592249549623,0.00588127043020642,0.0139464999312496,Down,Other,TRUE,High
EGF,3,3,NIMOTUZUMAB; CETUXIMAB; EPIDERMAL GROWTH FACTOR,"",TdgClinicalTrial; CIViC; TTD,-1.1612148560084,0.00645926922493799,0.0150993036237269,Down,Growth Factor/Cytokine,TRUE,High
EXO1,3,3,CAPECITABINE; PEMETREXED DISODIUM; FLUOROURACIL,"",PharmGKB,-1.51829804405786,5.23389654933291e-07,4.94328516634509e-06,Down,Other,TRUE,High
FCER1G,3,3,ASPIRIN; COMPOUND 66 [PMID: 21802293]; BENZYLPENICILLOYL POLYLYSINE,; inhibitor,PharmGKB; GuideToPharmacology; TEND; TdgClinicalTrial,-1.39806007434621,5.34208942383098e-07,5.03157127825844e-06,Down,Other,TRUE,High
ITGAX,3,3,RECOMBINANT INTERLEUKIN-1; PROTEASE INHIBITOR; TETRADECANOYLPHORBOL ACETATE,"",NCI,-1.23327282428586,6.2683254716847e-08,8.57942545544035e-07,Down,Other,TRUE,High
TTK,3,3,HESPERADIN; BAY-1161909; BAY1217389,inhibitor,DTC; ChEMBL,-1.03930858187094,3.71006395828531e-05,0.00018193787540702,Down,Other,TRUE,High
UHRF1,3,3,AFATINIB; GEFITINIB; ERLOTINIB,"",PharmGKB,-1.44113187826853,8.0066054458247e-12,5.63263045664088e-10,Down,Other,TRUE,High
